Wähle das Verfahren (n = 500) (1) exp. Euler, (2) Runge-Kutter, (3) leap-frog: 
Verfahren: exp. Euler
0 0 1
0.1  0.1 0.909983
0.2  0.189998 0.819852
0.3  0.271084 0.740319
0.4  0.344305 0.670823
0.5  0.410655 0.610663
0.6  0.471057 0.559024
0.7  0.526356 0.515001
0.8  0.577303 0.477624
0.9  0.624556 0.445879
1  0.668671 0.41873
1.1  0.710103 0.39514
1.2  0.749203 0.374091
1.3  0.786221 0.354598
1.4  0.821311 0.33573
1.5  0.854533 0.316617
1.6  0.885862 0.29647
1.7  0.915196 0.274583
1.8  0.942361 0.25035
1.9  0.967124 0.223264
2  0.989203 0.192926
2.1  1.00827 0.159047
2.2  1.02399 0.121448
2.3  1.03598 0.0800608
2.4  1.04386 0.0349245
2.5  1.04728 -0.0138168
2.6  1.04586 -0.0659198
2.7  1.03928 -0.121048
2.8  1.02724 -0.178781
2.9  1.00949 -0.238619
3  0.985801 -0.299995
3.1  0.956039 -0.362286
3.2  0.920108 -0.42482
3.3  0.877985 -0.48689
3.4  0.829717 -0.547762
3.5  0.775424 -0.606692
3.6  0.715297 -0.662931
3.7  0.649606 -0.71574
3.8  0.578689 -0.7644
3.9  0.502958 -0.808223
4  0.422893 -0.846561
4.1  0.339037 -0.878816
4.2  0.251994 -0.904449
4.3  0.16242 -0.922986
4.4  0.071017 -0.934028
4.5  -0.0214717 -0.937254
4.6  -0.114272 -0.932426
4.7  -0.206587 -0.919397
4.8  -0.297603 -0.898106
4.9  -0.386504 -0.868589
5  -0.472474 -0.830971
5.1  -0.554711 -0.785471
5.2  -0.632436 -0.732397
5.3  -0.704898 -0.672145
5.4  -0.771388 -0.605196
5.5  -0.831243 -0.532107
5.6  -0.883855 -0.453512
5.7  -0.92868 -0.370109
5.8  -0.965243 -0.282656
5.9  -0.993143 -0.191963
6  -1.01206 -0.0988829
6.1  -1.02176 -0.00430235
6.2  -1.02209 0.0908678
6.3  -1.013 0.185702
6.4  -0.994523 0.279268
6.5  -0.966781 0.370643
6.6  -0.929994 0.458914
6.7  -0.88447 0.543196
6.8  -0.830606 0.622638
6.9  -0.768881 0.696431
7  -0.699855 0.763819
7.1  -0.624163 0.824107
7.2  -0.54251 0.876668
7.3  -0.455659 0.920947
7.4  -0.364433 0.956472
7.5  -0.269698 0.982858
7.6  -0.17236 0.999808
7.7  -0.0733525 1.00712
7.8  0.0263694 1.00469
7.9  0.125841 0.9925
8  0.224096 0.970649
8.1  0.320178 0.939321
8.2  0.41315 0.898796
8.3  0.5021 0.849452
8.4  0.586155 0.791751
8.5  0.66449 0.726244
8.6  0.736331 0.65356
8.7  0.800968 0.574402
8.8  0.857762 0.48954
8.9  0.906148 0.3998
9  0.945644 0.306062
9.1  0.975856 0.209247
9.2  0.996478 0.110307
9.3  1.0073 0.0102175
9.4  1.00822 -0.0900312
9.5  0.999204 -0.189447
9.6  0.980349 -0.287044
9.7  0.951834 -0.381854
9.8  0.913933 -0.472933
9.9  0.867019 -0.559376
10  0.81155 -0.64032
10.1  0.748073 -0.714958
10.2  0.677212 -0.782544
10.3  0.599666 -0.842402
10.4  0.516202 -0.893932
10.5  0.427643 -0.936617
10.6  0.334867 -0.970027
10.7  0.238792 -0.993824
10.8  0.14037 -1.00777
10.9  0.0405778 -1.01171
11  -0.0595956 -1.00562
11.1  -0.159156 -0.989536
11.2  -0.257114 -0.963624
11.3  -0.352497 -0.928136
11.4  -0.444356 -0.883421
11.5  -0.53178 -0.829921
11.6  -0.613898 -0.768166
11.7  -0.689893 -0.698767
11.8  -0.75901 -0.622414
11.9  -0.82056 -0.539865
12  -0.873931 -0.45194
12.1  -0.918592 -0.359514
12.2  -0.954096 -0.263507
12.3  -0.980092 -0.164875
12.4  -0.99632 -0.0645988
12.5  -1.00262 0.0363213
12.6  -0.998922 0.13688
12.7  -0.985271 0.236075
12.8  -0.9618 0.332917
12.9  -0.928743 0.42644
13  -0.88643 0.515712
13.1  -0.835282 0.599842
13.2  -0.775809 0.67799
13.3  -0.708605 0.749376
13.4  -0.634339 0.813288
13.5  -0.553753 0.869088
13.6  -0.46765 0.916218
13.7  -0.376889 0.954207
13.8  -0.282376 0.982677
13.9  -0.185054 1.00134
14  -0.0858928 1.01001
14.1  0.014117 1.00861
14.2  0.113978 0.997138
14.3  0.212693 0.975716
14.4  0.309277 0.944556
14.5  0.402767 0.90397
14.6  0.492229 0.854361
14.7  0.576771 0.796225
14.8  0.655548 0.730142
14.9  0.727774 0.656771
15  0.792729 0.576845
15.1  0.849764 0.491161
15.2  0.89831 0.400576
15.3  0.937882 0.305992
15.4  0.968086 0.208355
15.5  0.988619 0.108639
15.6  0.999278 0.00784087
15.7  0.999955 -0.0930339
15.8  0.990645 -0.192978
15.9  0.97144 -0.290992
16  0.942533 -0.386099
16.1  0.904212 -0.477348
16.2  0.856861 -0.563828
16.3  0.800951 -0.644675
16.4  0.737043 -0.719081
16.5  0.665774 -0.786304
16.6  0.587856 -0.845672
16.7  0.504068 -0.896592
16.8  0.415247 -0.938555
16.9  0.32228 -0.971143
17  0.226095 -0.994029
17.1  0.127654 -1.00699
17.2  0.0279397 -1.00988
17.3  -0.0720515 -1.00269
17.4  -0.171321 -0.985484
17.5  -0.268876 -0.958432
17.6  -0.363744 -0.921806
17.7  -0.454976 -0.875971
17.8  -0.541661 -0.821385
17.9  -0.622932 -0.758595
18  -0.697979 -0.688226
18.1  -0.766051 -0.610983
18.2  -0.826469 -0.527636
18.3  -0.878628 -0.439019
18.4  -0.922009 -0.346017
18.5  -0.956177 -0.249558
18.6  -0.980791 -0.150607
18.7  -0.995605 -0.0501516
18.8  -1.00047 0.0508039
18.9  -0.995343 0.151251
19  -0.980269 0.250186
19.1  -0.955402 0.346621
19.2  -0.920988 0.439593
19.3  -0.877373 0.528172
19.4  -0.824992 0.611473
19.5  -0.764368 0.688665
19.6  -0.696108 0.758975
19.7  -0.620893 0.821702
19.8  -0.539475 0.87622
19.9  -0.452667 0.921982
20  -0.361337 0.958532
20.1  -0.266397 0.985506
20.2  -0.168796 1.00263
20.3  -0.069509 1.00974
20.4  0.0304722 1.00676
20.5  0.130149 0.993723
20.6  0.228524 0.970755
20.7  0.324616 0.938089
20.8  0.417464 0.89605
20.9  0.50614 0.845058
21  0.589759 0.785623
21.1  0.667485 0.718338
21.2  0.738542 0.643877
21.3  0.802219 0.562982
21.4  0.85788 0.476462
21.5  0.90497 0.385182
21.6  0.943017 0.290054
21.7  0.971642 0.192028
21.8  0.990559 0.0920834
21.9  0.999578 -0.00878106
22  0.99861 -0.109558
22.1  0.987664 -0.209239
22.2  0.966849 -0.30683
22.3  0.936374 -0.401355
22.4  0.896544 -0.49187
22.5  0.847755 -0.57747
22.6  0.790496 -0.6573
22.7  0.725338 -0.730563
22.8  0.652934 -0.796525
22.9  0.574005 -0.85453
23  0.489341 -0.903996
23.1  0.399789 -0.944429
23.2  0.306241 -0.975426
23.3  0.209634 -0.996677
23.4  0.110932 -1.00797
23.5  0.0111223 -1.00919
23.6  -0.0887988 -1.00033
23.7  -0.187832 -0.981472
23.8  -0.284989 -0.952808
23.9  -0.379299 -0.914625
24  -0.469818 -0.867302
24.1  -0.555643 -0.811314
24.2  -0.635916 -0.74722
24.3  -0.709835 -0.675659
24.4  -0.776662 -0.597348
24.5  -0.835729 -0.513069
24.6  -0.886445 -0.423662
24.7  -0.928304 -0.330023
24.8  -0.960888 -0.233087
24.9  -0.983871 -0.133821
25  -0.997023 -0.0332189
25.1  -1.00021 0.0677154
25.2  -0.99341 0.167973
25.3  -0.976681 0.266553
25.4  -0.950193 0.362469
25.5  -0.914211 0.454763
25.6  -0.869094 0.542513
25.7  -0.815294 0.624843
25.8  -0.753348 0.70093
25.9  -0.683874 0.770013
26  -0.607568 0.831402
26.1  -0.52519 0.884484
26.2  -0.437566 0.928729
26.3  -0.345569 0.963694
26.4  -0.25012 0.989031
26.5  -0.152171 1.00448
26.6  -0.0527021 1.0099
26.7  0.0472935 1.00523
26.8  0.146817 0.990513
26.9  0.244873 0.965899
27  0.340482 0.931635
27.1  0.432689 0.888061
27.2  0.520573 0.835615
27.3  0.603256 0.774819
27.4  0.679911 0.706282
27.5  0.749773 0.630688
27.6  0.812143 0.548792
27.7  0.866398 0.461413
27.8  0.911997 0.369423
27.9  0.948483 0.273742
28  0.975493 0.175327
28.1  0.992755 0.0751591
28.2  1.0001 -0.0257594
28.3  0.997449 -0.126421
28.4  0.984834 -0.225819
28.5  0.962378 -0.32296
28.6  0.930307 -0.416875
28.7  0.88894 -0.506624
28.8  0.838691 -0.591312
28.9  0.780062 -0.670091
29  0.713639 -0.742175
29.1  0.640086 -0.806843
29.2  0.560137 -0.86345
29.3  0.474592 -0.911429
29.4  0.384304 -0.950302
29.5  0.290177 -0.97968
29.6  0.19315 -0.999268
29.7  0.0941938 -1.00887
29.8  -0.00570392 -1.0084
29.9  -0.105545 -0.997846
30  -0.204331 -0.977324
30.1  -0.301075 -0.947038
30.2  -0.394812 -0.907288
30.3  -0.484603 -0.858474
30.4  -0.569553 -0.801082
30.5  -0.648811 -0.735686
30.6  -0.721587 -0.662939
30.7  -0.787153 -0.583568
30.8  -0.844855 -0.498366
30.9  -0.894114 -0.408185
31  -0.93444 -0.313926
31.1  -0.965429 -0.21653
31.2  -0.986773 -0.11697
31.3  -0.998256 -0.0162415
31.4  -0.999765 0.0846492
31.5  -0.991285 0.184694
31.6  -0.972901 0.282894
31.7  -0.944795 0.378267
31.8  -0.90725 0.46986
31.9  -0.860639 0.556759
32  -0.805429 0.638094
32.1  -0.742172 0.713055
32.2  -0.671499 0.78089
32.3  -0.594117 0.840923
32.4  -0.510798 0.892554
32.5  -0.422376 0.935267
32.6  -0.329734 0.968635
32.7  -0.233797 0.992324
32.8  -0.135524 1.0061
32.9  -0.0358963 1.00982
33  0.0640895 1.00345
33.1  0.163435 0.98706
33.2  0.261147 0.960803
33.3  0.356251 0.924947
33.4  0.447794 0.879849
33.5  0.534864 0.82596
33.6  0.616589 0.763818
33.7  0.692154 0.694044
33.8  0.760802 0.617335
33.9  0.821849 0.534459
34  0.874685 0.446242
34.1  0.918781 0.353567
34.2  0.953696 0.257358
34.3  0.979083 0.158579
34.4  0.994687 0.0582146
34.5  1.00035 -0.0427312
34.6  0.996023 -0.14325
34.7  0.981741 -0.242338
34.8  0.95765 -0.339004
34.9  0.923991 -0.432283
35  0.881099 -0.521242
35.1  0.829404 -0.604994
35.2  0.769421 -0.682701
35.3  0.701751 -0.753586
35.4  0.627069 -0.816942
35.5  0.546122 -0.872135
35.6  0.459718 -0.918614
35.7  0.36872 -0.955915
35.8  0.274039 -0.983664
35.9  0.176619 -1.00159
36  0.0774347 -1.0095
36.1  -0.0225233 -1.00733
36.2  -0.122256 -0.995088
36.3  -0.220768 -0.972907
36.4  -0.317073 -0.941006
36.5  -0.410211 -0.899702
36.6  -0.49925 -0.849409
36.7  -0.5833 -0.790628
36.8  -0.661523 -0.723949
36.9  -0.733135 -0.650035
37  -0.797423 -0.569627
37.1  -0.853742 -0.483527
37.2  -0.901532 -0.392596
37.3  -0.940314 -0.297742
37.4  -0.9697 -0.199913
37.5  -0.989397 -0.100087
37.6  -0.999209 0.000739233
37.7  -0.999037 0.101558
37.8  -0.988883 0.201362
37.9  -0.968848 0.299154
38  -0.939133 0.393958
38.1  -0.900035 0.484824
38.2  -0.851943 0.570847
38.3  -0.795339 0.651166
38.4  -0.730789 0.724979
38.5  -0.658936 0.791548
38.6  -0.5805 0.850208
38.7  -0.496264 0.900373
38.8  -0.407069 0.941541
38.9  -0.313807 0.973303
39  -0.217409 0.995339
39.1  -0.118839 1.00743
39.2  -0.0190818 1.00946
39.3  0.0808662 1.00139
39.4  0.180006 0.983328
39.5  0.277348 0.955437
39.6  0.371918 0.917999
39.7  0.462772 0.871389
39.8  0.549002 0.816072
39.9  0.629747 0.752601
40  0.7042 0.68161
40.1  0.771616 0.603809
40.2  0.831323 0.519975
40.3  0.882724 0.430946
40.4  0.925304 0.337611
40.5  0.95864 0.240902
40.6  0.982396 0.141786
40.7  0.996337 0.041254
40.8  1.00032 -0.0596905
40.9  0.994315 -0.160039
41  0.978371 -0.258788
41.1  0.952651 -0.354951
41.2  0.917414 -0.447568
41.3  0.873009 -0.535713
41.4  0.819882 -0.618505
41.5  0.758563 -0.695117
41.6  0.689664 -0.764784
41.7  0.613875 -0.826809
41.8  0.531952 -0.880574
41.9  0.444714 -0.925539
42  0.353032 -0.961258
42.1  0.257823 -0.987371
42.2  0.160038 -1.00362
42.3  0.060654 -1.00984
42.4  -0.0393361 -1.00597
42.5  -0.138933 -0.992049
42.6  -0.237142 -0.968215
42.7  -0.332982 -0.934708
42.8  -0.425494 -0.891861
42.9  -0.513755 -0.840104
43  -0.596883 -0.779952
43.1  -0.674047 -0.712007
43.2  -0.744476 -0.636948
43.3  -0.807466 -0.555525
43.4  -0.862389 -0.468551
43.5  -0.908695 -0.376895
43.6  -0.945921 -0.281474
43.7  -0.973696 -0.18324
43.8  -0.991742 -0.083176
43.9  -0.99988 0.0177196
44  -0.998026 0.118438
44.1  -0.986201 0.217973
44.2  -0.964522 0.315331
44.3  -0.933206 0.409537
44.4  -0.892565 0.499652
44.5  -0.843006 0.584774
44.6  -0.785025 0.664053
44.7  -0.719199 0.736698
44.8  -0.646188 0.801981
44.9  -0.56672 0.859252
45  -0.481589 0.907937
45.1  -0.391647 0.94755
45.2  -0.297791 0.977695
45.3  -0.20096 0.998072
45.4  -0.102121 1.00848
45.5  -0.002262 1.0088
45.6  0.0976199 0.999053
45.7  0.196526 0.979319
45.8  0.293469 0.9498
45.9  0.38748 0.910792
46  0.477619 0.862682
46.1  0.562986 0.805953
46.2  0.642727 0.741172
46.3  0.716047 0.668984
46.4  0.782212 0.590113
46.5  0.840562 0.505345
46.6  0.890513 0.415528
46.7  0.931566 0.321559
46.8  0.963312 0.224378
46.9  0.985432 0.124954
47  0.997706 0.0242819
47.1  1.00001 -0.0766329
47.2  0.992325 -0.176782
47.3  0.974724 -0.275165
47.4  0.947384 -0.370798
47.5  0.910577 -0.462726
47.6  0.864673 -0.550031
47.7  0.810129 -0.631841
47.8  0.74749 -0.707337
47.9  0.677383 -0.775766
48  0.600507 -0.836443
48.1  0.517632 -0.888763
48.2  0.429584 -0.932203
48.3  0.337244 -0.966329
48.4  0.241535 -0.990799
48.5  0.143412 -1.00537
48.6  0.0438562 -1.00989
48.7  -0.0561377 -1.00433
48.8  -0.155571 -0.988729
48.9  -0.253449 -0.96325
49  -0.348796 -0.928146
49.1  -0.440657 -0.883769
49.2  -0.528115 -0.830561
49.3  -0.610296 -0.769054
49.4  -0.68638 -0.699864
49.5  -0.755606 -0.62368
49.6  -0.817281 -0.541265
49.7  -0.870791 -0.453442
49.8  -0.9156 -0.361088
49.9  -0.951261 -0.265127
