Wähle das Verfahren (n = 1000) (1) exp. Euler, (2) Runge-Kutter, (3) leap-frog: 
Verfahren: Runge-Kutter
0 0 1
0.1 0.05 0.999992
0.2 0.0998746 0.999938
0.3 0.149747 1.00224
0.4 0.199734 1.00673
0.5 0.249946 1.01319
0.6 0.30048 1.02137
0.7 0.351422 1.03093
0.8 0.402841 1.04154
0.9 0.454789 1.0528
1 0.507299 1.06428
1.1 0.560382 1.07554
1.2 0.614027 1.08611
1.3 0.668198 1.09549
1.4 0.722837 1.10318
1.5 0.777859 1.10867
1.6 0.833155 1.11148
1.7 0.888591 1.1111
1.8 0.944007 1.10705
1.9 0.999221 1.09887
2 1.05403 1.08613
2.1 1.1082 1.06843
2.2 1.16148 1.04541
2.3 1.21362 1.01674
2.4 1.26433 0.982159
2.5 1.31331 0.941433
2.6 1.36026 0.894399
2.7 1.40486 0.840947
2.8 1.4468 0.78103
2.9 1.48574 0.714661
3 1.52138 0.641919
3.1 1.55338 0.562947
3.2 1.58145 0.477952
3.3 1.60528 0.387206
3.4 1.62458 0.291043
3.5 1.63908 0.18986
3.6 1.64854 0.0841085
3.7 1.65272 -0.0257013
3.8 1.65143 -0.13901
3.9 1.64448 -0.25521
4 1.63174 -0.373652
4.1 1.61309 -0.493651
4.2 1.58845 -0.614488
4.3 1.55779 -0.735421
4.4 1.52109 -0.855687
4.5 1.4784 -0.974515
4.6 1.42978 -1.09112
4.7 1.37535 -1.20473
4.8 1.31525 -1.31458
4.9 1.24967 -1.4199
5 1.17884 -1.51997
5.1 1.10301 -1.61408
5.2 1.0225 -1.70156
5.3 0.937624 -1.78178
5.4 0.848747 -1.85417
5.5 0.756261 -1.91819
5.6 0.660583 -1.97338
5.7 0.562153 -2.01931
5.8 0.461433 -2.05566
5.9 0.358902 -2.08213
6 0.255052 -2.09854
6.1 0.150385 -2.10474
6.2 0.0454096 -2.10068
6.3 -0.059362 -2.08639
6.4 -0.163419 -2.06195
6.5 -0.266256 -2.02753
6.6 -0.367376 -1.98339
6.7 -0.466293 -1.92983
6.8 -0.562537 -1.86724
6.9 -0.655658 -1.79607
7 -0.745229 -1.71682
7.1 -0.830846 -1.63007
7.2 -0.912135 -1.53643
7.3 -0.988754 -1.43658
7.4 -1.06039 -1.33121
7.5 -1.12677 -1.22107
7.6 -1.18766 -1.10693
7.7 -1.24285 -0.989575
7.8 -1.2922 -0.869811
7.9 -1.33556 -0.748451
8 -1.37288 -0.626305
8.1 -1.4041 -0.504178
8.2 -1.42923 -0.382863
8.3 -1.44831 -0.263128
8.4 -1.46142 -0.145718
8.5 -1.46867 -0.0313419
8.6 -1.47022 0.0793291
8.7 -1.46625 0.185669
8.8 -1.45698 0.287102
8.9 -1.44264 0.383105
9 -1.42353 0.473214
9.1 -1.39991 0.557028
9.2 -1.37212 0.634208
9.3 -1.34048 0.704483
9.4 -1.30533 0.76765
9.5 -1.26704 0.823572
9.6 -1.22596 0.872185
9.7 -1.18245 0.91349
9.8 -1.13688 0.947556
9.9 -1.08962 0.974519
10 -1.04101 0.994575
10.1 -0.991406 1.00798
10.2 -0.94113 1.01505
10.3 -0.890504 1.01615
10.4 -0.839823 1.01168
10.5 -0.789366 1.00211
10.6 -0.739387 0.987915
10.7 -0.690116 0.969627
10.8 -0.641758 0.947786
10.9 -0.594489 0.922958
11 -0.548459 0.895716
11.1 -0.503789 0.866643
11.2 -0.460568 0.836318
11.3 -0.41886 0.805314
11.4 -0.378699 0.774189
11.5 -0.34009 0.743482
11.6 -0.303012 0.713707
11.7 -0.26742 0.685345
11.8 -0.233241 0.658842
11.9 -0.200385 0.634603
12 -0.168737 0.612986
12.1 -0.138166 0.594301
12.2 -0.108528 0.578806
12.3 -0.0796617 0.566702
12.4 -0.0513987 0.558135
12.5 -0.0235626 0.553192
12.6 0.00402739 0.551901
12.7 0.0315534 0.554229
12.8 0.0591961 0.560086
12.9 0.0871313 0.569324
13 0.115528 0.58174
13.1 0.144544 0.597075
13.2 0.174325 0.615023
13.3 0.205002 0.635228
13.4 0.236686 0.657295
13.5 0.269472 0.680787
13.6 0.303429 0.705236
13.7 0.338606 0.730147
13.8 0.375025 0.755001
13.9 0.412684 0.779263
14 0.451553 0.802389
14.1 0.491576 0.823831
14.2 0.532667 0.843043
14.3 0.574717 0.859489
14.4 0.617586 0.872647
14.5 0.661111 0.882016
14.6 0.705103 0.887125
14.7 0.749349 0.887533
14.8 0.793615 0.882839
14.9 0.837647 0.872686
15 0.881171 0.856764
15.1 0.9239 0.834816
15.2 0.965534 0.806641
15.3 1.00576 0.772097
15.4 1.04427 0.731103
15.5 1.08073 0.683642
15.6 1.11482 0.629761
15.7 1.14622 0.569574
15.8 1.17462 0.503257
15.9 1.19971 0.431054
16 1.2212 0.35327
16.1 1.23881 0.270271
16.2 1.25228 0.182482
16.3 1.26137 0.0903825
16.4 1.26587 -0.0054955
16.5 1.26558 -0.104574
16.6 1.26035 -0.206234
16.7 1.25005 -0.309817
16.8 1.23459 -0.414637
16.9 1.2139 -0.51998
17 1.18795 -0.625115
17.1 1.15676 -0.7293
17.2 1.12037 -0.831784
17.3 1.07887 -0.931822
17.4 1.03239 -1.02868
17.5 0.981068 -1.12162
17.6 0.925115 -1.20995
17.7 0.864757 -1.29301
17.8 0.800258 -1.37014
17.9 0.731913 -1.44075
18 0.660046 -1.50429
18.1 0.585011 -1.56026
18.2 0.507186 -1.60822
18.3 0.42697 -1.64778
18.4 0.344781 -1.67863
18.5 0.261055 -1.70051
18.6 0.176239 -1.71324
18.7 0.0907893 -1.71672
18.8 0.00516702 -1.7109
18.9 -0.0801639 -1.69582
19 -0.164742 -1.6716
19.1 -0.24811 -1.6384
19.2 -0.329822 -1.59649
19.3 -0.409442 -1.54618
19.4 -0.486552 -1.48787
19.5 -0.560752 -1.42199
19.6 -0.631666 -1.34905
19.7 -0.698941 -1.26961
19.8 -0.762254 -1.18429
19.9 -0.82131 -1.09372
20 -0.875848 -0.998602
20.1 -0.925642 -0.899647
20.2 -0.9705 -0.797598
20.3 -1.01027 -0.693215
20.4 -1.04483 -0.587268
20.5 -1.07411 -0.480529
20.6 -1.09806 -0.373769
20.7 -1.11669 -0.267748
20.8 -1.13003 -0.163208
20.9 -1.13816 -0.0608694
21 -1.14118 0.0385798
21.1 -1.13924 0.134486
21.2 -1.13252 0.226237
21.3 -1.12123 0.313269
21.4 -1.10559 0.395068
21.5 -1.08588 0.471176
21.6 -1.06237 0.541196
21.7 -1.03537 0.604792
21.8 -1.0052 0.661692
21.9 -0.972186 0.711694
22 -0.936684 0.75466
22.1 -0.89904 0.790522
22.2 -0.859608 0.819282
22.3 -0.818742 0.841006
22.4 -0.776794 0.855827
22.5 -0.734108 0.863942
22.6 -0.691017 0.865608
22.7 -0.647845 0.861139
22.8 -0.604896 0.850903
22.9 -0.562458 0.835317
23 -0.520798 0.814841
23.1 -0.48016 0.789975
23.2 -0.440763 0.76125
23.3 -0.402799 0.729228
23.4 -0.366433 0.694487
23.5 -0.331799 0.657623
23.6 -0.299005 0.619238
23.7 -0.268125 0.579936
23.8 -0.239205 0.540317
23.9 -0.212262 0.500967
24 -0.187281 0.462455
24.1 -0.16422 0.425329
24.2 -0.143011 0.390103
24.3 -0.123559 0.357259
24.4 -0.105745 0.327238
24.5 -0.0894276 0.300435
24.6 -0.0744467 0.277197
24.7 -0.0606243 0.25782
24.8 -0.0477678 0.242543
24.9 -0.0356728 0.231547
25 -0.0241257 0.224953
25.1 -0.0129069 0.222824
25.2 -0.00179376 0.225157
25.3 0.00943631 0.231892
25.4 0.0210028 0.242907
25.5 0.0331193 0.258019
25.6 0.0459899 0.276993
25.7 0.0598074 0.299534
25.8 0.0747495 0.3253
25.9 0.0909772 0.353901
26 0.108632 0.384903
26.1 0.127833 0.417836
26.2 0.148677 0.452194
26.3 0.171234 0.487446
26.4 0.19555 0.523039
26.5 0.221641 0.558404
26.6 0.249496 0.592964
26.7 0.279075 0.626139
26.8 0.310308 0.65735
26.9 0.343097 0.686032
27 0.377317 0.711635
27.1 0.412813 0.73363
27.2 0.449406 0.751519
27.3 0.48689 0.764837
27.4 0.525038 0.773159
27.5 0.563601 0.776106
27.6 0.60231 0.773346
27.7 0.64088 0.764601
27.8 0.679014 0.749653
27.9 0.716401 0.728339
28 0.752725 0.700563
28.1 0.787662 0.666289
28.2 0.820889 0.62555
28.3 0.852084 0.578441
28.4 0.880928 0.525126
28.5 0.907112 0.465832
28.6 0.930338 0.400847
28.7 0.950322 0.330524
28.8 0.966799 0.255272
28.9 0.979521 0.175554
29 0.988267 0.0918854
29.1 0.992839 0.00482753
29.2 0.993069 -0.0850171
29.3 0.988818 -0.17701
29.4 0.979978 -0.270482
29.5 0.966476 -0.36474
29.6 0.948273 -0.459074
29.7 0.925364 -0.552761
29.8 0.897784 -0.645075
29.9 0.865599 -0.735291
30 0.828915 -0.822695
30.1 0.787872 -0.906587
30.2 0.742645 -0.98629
30.3 0.693444 -1.06116
30.4 0.640509 -1.13057
30.5 0.584112 -1.19397
30.6 0.524555 -1.25082
30.7 0.462163 -1.30064
30.8 0.397287 -1.34303
30.9 0.330297 -1.37762
31 0.261584 -1.40412
31.1 0.19155 -1.42229
31.2 0.12061 -1.43198
31.3 0.0491885 -1.43311
31.4 -0.0222885 -1.42565
31.5 -0.0933921 -1.40965
31.6 -0.163697 -1.38524
31.7 -0.232783 -1.35262
31.8 -0.300241 -1.31205
31.9 -0.365675 -1.26385
32 -0.428704 -1.20842
32.1 -0.488967 -1.14621
32.2 -0.546127 -1.07772
32.3 -0.59987 -1.00352
32.4 -0.649912 -0.924194
32.5 -0.695996 -0.840394
32.6 -0.737901 -0.752792
32.7 -0.775436 -0.66209
32.8 -0.808446 -0.569009
32.9 -0.836814 -0.474287
33 -0.860458 -0.378668
33.1 -0.879332 -0.282896
33.2 -0.893429 -0.187709
33.3 -0.90278 -0.0938313
33.4 -0.907448 -0.00196749
33.5 -0.907535 0.087204
33.6 -0.903174 0.173037
33.7 -0.894533 0.254925
33.8 -0.881809 0.332303
33.9 -0.865225 0.404657
34 -0.845034 0.471524
34.1 -0.821508 0.5325
34.2 -0.794942 0.58724
34.3 -0.765646 0.635463
34.4 -0.733946 0.676954
34.5 -0.700178 0.711564
34.6 -0.664684 0.739212
34.7 -0.627812 0.759884
34.8 -0.58991 0.773635
34.9 -0.551323 0.780586
35 -0.512391 0.78092
35.1 -0.473442 0.774885
35.2 -0.434795 0.762786
35.3 -0.396752 0.744983
35.4 -0.359598 0.721888
35.5 -0.323597 0.693959
35.6 -0.288989 0.661695
35.7 -0.255991 0.625631
35.8 -0.224791 0.586332
35.9 -0.195553 0.544385
36 -0.168407 0.500397
36.1 -0.143455 0.454985
36.2 -0.120768 0.40877
36.3 -0.100386 0.362371
36.4 -0.0823185 0.316398
36.5 -0.0665437 0.271448
36.6 -0.0530108 0.228092
36.7 -0.04164 0.18688
36.8 -0.0323244 0.148323
36.9 -0.0249316 0.112897
37 -0.0193052 0.0810346
37.1 -0.0152675 0.0531193
37.2 -0.0126216 0.029484
37.3 -0.0111541 0.010406
37.4 -0.0106374 -0.00389494
37.5 -0.0108335 -0.0132592
37.6 -0.0114959 -0.017589
37.7 -0.0123737 -0.0168489
37.8 -0.013214 -0.0110664
37.9 -0.0137652 -0.000331617
38 -0.0137804 0.0152042
38.1 -0.0130202 0.0353297
38.2 -0.0112556 0.0597765
38.3 -0.00827116 0.0882214
38.4 -0.00386755 0.12029
38.5 0.00213595 0.155562
38.6 0.00989903 0.193572
38.7 0.0195582 0.233821
38.8 0.0312251 0.275774
38.9 0.0449847 0.318871
39 0.0608938 0.362533
39.1 0.0789807 0.406164
39.2 0.0992437 0.449162
39.3 0.121651 0.490924
39.4 0.146141 0.530849
39.5 0.172623 0.568352
39.6 0.200974 0.602862
39.7 0.231046 0.633835
39.8 0.262663 0.660755
39.9 0.295621 0.683144
40 0.329696 0.700563
40.1 0.364639 0.712621
40.2 0.400183 0.718975
40.3 0.436043 0.71934
40.4 0.47192 0.713486
40.5 0.507505 0.701245
40.6 0.542478 0.682513
40.7 0.576516 0.657249
40.8 0.609294 0.625478
40.9 0.640486 0.587292
41 0.669772 0.542848
41.1 0.696841 0.492368
41.2 0.721392 0.436137
41.3 0.743138 0.3745
41.4 0.761808 0.307859
41.5 0.777155 0.236672
41.6 0.78895 0.161447
41.7 0.796993 0.0827365
41.8 0.801109 0.00113371
41.9 0.801156 -0.0827328
42 0.797019 -0.168205
42.1 0.788619 -0.254603
42.2 0.77591 -0.341229
42.3 0.75888 -0.427376
42.4 0.737554 -0.512332
42.5 0.711991 -0.595392
42.6 0.682285 -0.675857
42.7 0.648567 -0.753047
42.8 0.610998 -0.826307
42.9 0.569777 -0.895008
43 0.52513 -0.95856
43.1 0.477313 -1.01641
43.2 0.426612 -1.06806
43.3 0.373336 -1.11306
43.4 0.317816 -1.15101
43.5 0.260404 -1.18157
43.6 0.201469 -1.20448
43.7 0.141393 -1.21953
43.8 0.0805664 -1.22658
43.9 0.0193897 -1.22556
44 -0.0417352 -1.21647
44.1 -0.102406 -1.19939
44.2 -0.162223 -1.17445
44.3 -0.220796 -1.14187
44.4 -0.277744 -1.10193
44.5 -0.332698 -1.05495
44.6 -0.385308 -1.00135
44.7 -0.435244 -0.941579
44.8 -0.482198 -0.876145
44.9 -0.525888 -0.805608
45 -0.566059 -0.730567
45.1 -0.602487 -0.651658
45.2 -0.634979 -0.569548
45.3 -0.663375 -0.484927
45.4 -0.68755 -0.398506
45.5 -0.707415 -0.311004
45.6 -0.722916 -0.223145
45.7 -0.734034 -0.135651
45.8 -0.740789 -0.0492339
45.9 -0.743234 0.0354092
46 -0.741457 0.117605
46.1 -0.735581 0.196708
46.2 -0.725761 0.272109
46.3 -0.71218 0.343238
46.4 -0.695052 0.40957
46.5 -0.674616 0.470632
46.6 -0.651136 0.526006
46.7 -0.624894 0.57533
46.8 -0.596193 0.618305
46.9 -0.56535 0.654697
47 -0.532692 0.684335
47.1 -0.498557 0.707118
47.2 -0.463286 0.72301
47.3 -0.427224 0.732044
47.4 -0.390712 0.73432
47.5 -0.354087 0.730003
47.6 -0.317679 0.719319
47.7 -0.281804 0.702556
47.8 -0.246766 0.680061
47.9 -0.21285 0.65223
48 -0.180323 0.619512
48.1 -0.149429 0.582396
48.2 -0.120387 0.541412
48.3 -0.0933885 0.497124
48.4 -0.0685998 0.45012
48.5 -0.0461558 0.401011
48.6 -0.0261614 0.350421
48.7 -0.00869031 0.298983
48.8 0.00621515 0.24733
48.9 0.0185444 0.196091
49 0.0283181 0.145883
49.1 0.0355878 0.0973021
49.2 0.0404348 0.0509234
49.3 0.0429688 0.00728976
49.4 0.043327 -0.0330916
49.5 0.0416715 -0.0697546
49.6 0.0381879 -0.102279
49.7 0.0330827 -0.130295
49.8 0.0265807 -0.153486
49.9 0.0189226 -0.171594
50 0.0103621 -0.18442
50.1 0.00116246 -0.191827
50.2 -0.00840588 -0.19374
50.3 -0.018069 -0.190149
50.4 -0.0275523 -0.181109
50.5 -0.036584 -0.166735
50.6 -0.0448982 -0.147207
50.7 -0.0522377 -0.122764
50.8 -0.0583576 -0.0937018
50.9 -0.0630274 -0.0603715
51 -0.0660343 -0.0231745
51.1 -0.0671855 0.0174413
51.2 -0.0663106 0.0609862
51.3 -0.0632634 0.106934
51.4 -0.0579243 0.154728
51.5 -0.0502013 0.203784
51.6 -0.0400314 0.253502
51.7 -0.0273818 0.303266
51.8 -0.0122501 0.352457
51.9 0.00533493 0.400453
52 0.0253136 0.44664
52.1 0.0475957 0.490419
52.2 0.0720609 0.531207
52.3 0.0985601 0.568451
52.4 0.126916 0.601626
52.5 0.156927 0.630246
52.6 0.188364 0.653869
52.7 0.220979 0.672098
52.8 0.254502 0.68459
52.9 0.288648 0.691055
53 0.323115 0.691265
53.1 0.357592 0.685051
53.2 0.391759 0.672311
53.3 0.425289 0.653006
53.4 0.457855 0.627162
53.5 0.489132 0.594873
53.6 0.518798 0.5563
53.7 0.546538 0.511665
53.8 0.572052 0.461255
53.9 0.595051 0.405417
54 0.615265 0.344553
54.1 0.632442 0.279122
54.2 0.646355 0.209629
54.3 0.656802 0.136626
54.4 0.663607 0.0607016
54.5 0.666625 -0.0175196
54.6 0.665741 -0.097386
54.7 0.660874 -0.178224
54.8 0.651975 -0.259346
54.9 0.63903 -0.340054
55 0.62206 -0.419649
55.1 0.60112 -0.497437
55.2 0.5763 -0.572735
55.3 0.547726 -0.64488
55.4 0.515553 -0.713231
55.5 0.479972 -0.77718
55.6 0.441202 -0.836155
55.7 0.399491 -0.889625
55.8 0.355114 -0.93711
55.9 0.30837 -0.978178
56 0.259577 -1.01246
56.1 0.209077 -1.03964
56.2 0.157221 -1.05946
56.3 0.104378 -1.07175
56.4 0.0509222 -1.07639
56.5 -0.00276354 -1.07332
56.6 -0.0562956 -1.06258
56.7 -0.109291 -1.04426
56.8 -0.161371 -1.0185
56.9 -0.212166 -0.985538
57 -0.261316 -0.945667
57.1 -0.308476 -0.899237
57.2 -0.35332 -0.846658
57.3 -0.395541 -0.788397
57.4 -0.434855 -0.72497
57.5 -0.471006 -0.656937
57.6 -0.503762 -0.584899
57.7 -0.532925 -0.509491
57.8 -0.558327 -0.431377
57.9 -0.579832 -0.351239
58 -0.59734 -0.269778
58.1 -0.610785 -0.1877
58.2 -0.620137 -0.105716
58.3 -0.625399 -0.0245276
58.4 -0.626612 0.0551721
58.5 -0.623851 0.132711
58.6 -0.617222 0.207439
58.7 -0.606867 0.278742
58.8 -0.592956 0.346038
58.9 -0.575688 0.408791
59 -0.555292 0.466509
59.1 -0.532018 0.518755
59.2 -0.506138 0.565147
59.3 -0.477945 0.605362
59.4 -0.447748 0.63914
59.5 -0.415866 0.666285
59.6 -0.382632 0.686668
59.7 -0.348381 0.700226
59.8 -0.313456 0.706964
59.9 -0.278195 0.706954
60 -0.242935 0.700334
60.1 -0.208007 0.687307
60.2 -0.173729 0.668135
60.3 -0.140408 0.643143
60.4 -0.108334 0.612708
60.5 -0.0777785 0.57726
60.6 -0.0489919 0.537275
60.7 -0.0222001 0.493272
60.8 0.0023965 0.445804
60.9 0.0246252 0.395455
61 0.0443424 0.342834
61.1 0.0614348 0.288569
61.2 0.0758205 0.233298
61.3 0.0874494 0.177662
61.4 0.0963035 0.122305
61.5 0.102397 0.0678582
61.6 0.105774 0.0149406
61.7 0.106513 -0.0358509
61.8 0.104718 -0.0839466
61.9 0.100526 -0.12881
62 0.0940956 -0.169943
62.1 0.0856145 -0.20689
62.2 0.0752912 -0.239247
62.3 0.0633547 -0.266658
62.4 0.0500517 -0.288826
62.5 0.0356436 -0.305513
62.6 0.020404 -0.316539
62.7 0.00461513 -0.321792
62.8 -0.011435 -0.321221
62.9 -0.0274559 -0.31484
63 -0.0431579 -0.302728
63.1 -0.058255 -0.285028
63.2 -0.0724687 -0.261945
63.3 -0.0855304 -0.233743
63.4 -0.0971849 -0.200744
63.5 -0.107193 -0.163325
63.6 -0.115334 -0.121911
63.7 -0.121409 -0.0769726
63.8 -0.125243 -0.0290232
63.9 -0.126684 0.0213902
64 -0.125611 0.0736905
64.1 -0.121929 0.127277
64.2 -0.115575 0.18153
64.3 -0.106514 0.235822
64.4 -0.0947457 0.289518
64.5 -0.0802993 0.341985
64.6 -0.0632361 0.392601
64.7 -0.0436487 0.440757
64.8 -0.0216598 0.485866
64.9 0.00257847 0.527368
65 0.0288863 0.564738
65.1 0.0570574 0.597488
65.2 0.0868613 0.625176
65.3 0.118046 0.647409
65.4 0.150338 0.663845
65.5 0.18345 0.6742
65.6 0.217077 0.67825
65.7 0.250905 0.675835
65.8 0.284612 0.666856
65.9 0.317871 0.651283
66 0.350352 0.629151
66.1 0.381728 0.600561
66.2 0.411678 0.56568
66.3 0.439887 0.524739
66.4 0.466054 0.47803
66.5 0.48989 0.425908
66.6 0.511125 0.36878
66.7 0.529511 0.307108
66.8 0.544821 0.241403
66.9 0.556853 0.172215
67 0.565433 0.100137
67.1 0.570419 0.0257908
67.2 0.571696 -0.0501737
67.3 0.569184 -0.127087
67.4 0.562836 -0.204267
67.5 0.552638 -0.281022
67.6 0.538613 -0.356664
67.7 0.520815 -0.430509
67.8 0.499334 -0.501885
67.9 0.474293 -0.570143
68 0.445849 -0.634657
68.1 0.414187 -0.694836
68.2 0.379524 -0.750125
68.3 0.342105 -0.800014
68.4 0.302197 -0.84404
68.5 0.260095 -0.881794
68.6 0.216111 -0.912923
68.7 0.170575 -0.937137
68.8 0.123832 -0.954208
68.9 0.076238 -0.963972
69 0.0281584 -0.966335
69.1 -0.0200382 -0.961272
69.2 -0.0679813 -0.948823
69.3 -0.115303 -0.929099
69.4 -0.161639 -0.902278
69.5 -0.206637 -0.868603
69.6 -0.249955 -0.828381
69.7 -0.291266 -0.781978
69.8 -0.330261 -0.729817
69.9 -0.366655 -0.672375
70 -0.400182 -0.610176
70.1 -0.430607 -0.543785
70.2 -0.457721 -0.473808
70.3 -0.481343 -0.40088
70.4 -0.501328 -0.325661
70.5 -0.517561 -0.248833
70.6 -0.529962 -0.171088
70.7 -0.538486 -0.0931221
70.8 -0.54312 -0.0156337
70.9 -0.543891 0.0606888
71 -0.540854 0.135171
71.1 -0.534103 0.207159
71.2 -0.523762 0.276028
71.3 -0.509987 0.341184
71.4 -0.492962 0.402074
71.5 -0.472901 0.458189
71.6 -0.450041 0.509068
71.7 -0.424645 0.554303
71.8 -0.396993 0.593547
71.9 -0.367385 0.626509
72 -0.336134 0.652964
72.1 -0.303564 0.672751
72.2 -0.270008 0.685775
72.3 -0.235803 0.692009
72.4 -0.201288 0.691494
72.5 -0.166799 0.684335
72.6 -0.132669 0.670704
72.7 -0.099219 0.650837
72.8 -0.0667608 0.625028
72.9 -0.0355905 0.593632
73 -0.00598683 0.557054
73.1 0.0217919 0.515751
73.2 0.04751 0.470223
73.3 0.0709568 0.421012
73.4 0.0919488 0.368691
73.5 0.110331 0.313862
73.6 0.125978 0.257149
73.7 0.138796 0.199192
73.8 0.148724 0.140637
73.9 0.155731 0.0821352
74 0.15982 0.0243321
74.1 0.161027 -0.0321381
74.2 0.159417 -0.0866585
74.3 0.155088 -0.138636
74.4 0.148167 -0.187507
74.5 0.138809 -0.232745
74.6 0.127195 -0.273862
74.7 0.113531 -0.310417
74.8 0.0980441 -0.342021
74.9 0.0809818 -0.368336
75 0.0626076 -0.389083
75.1 0.0431994 -0.404045
75.2 0.0230456 -0.413066
75.3 0.00244273 -0.416054
75.4 -0.0183084 -0.412982
75.5 -0.0389056 -0.403889
75.6 -0.0590486 -0.388879
75.7 -0.0784422 -0.368119
75.8 -0.0967997 -0.341839
75.9 -0.113846 -0.310327
76 -0.129319 -0.27393
76.1 -0.142977 -0.233046
76.2 -0.154595 -0.188123
76.3 -0.163973 -0.139653
76.4 -0.170932 -0.0881678
76.5 -0.175323 -0.0342336
76.6 -0.177023 0.0215562
76.7 -0.175941 0.0785858
76.8 -0.172015 0.136224
76.9 -0.165213 0.193829
77 -0.155539 0.250758
77.1 -0.143025 0.306372
77.2 -0.127738 0.360041
77.3 -0.109774 0.411153
77.4 -0.0892614 0.45912
77.5 -0.0663567 0.503383
77.6 -0.0412448 0.543416
77.7 -0.0141368 0.578738
77.8 0.0147324 0.60891
77.9 0.0451057 0.633545
78 0.0767071 0.65231
78.1 0.109244 0.66493
78.2 0.142409 0.67119
78.3 0.175885 0.67094
78.4 0.209349 0.664094
78.5 0.24247 0.650631
78.6 0.274918 0.630599
78.7 0.306367 0.604111
78.8 0.336494 0.571345
78.9 0.364986 0.532542
79 0.391542 0.488007
79.1 0.415876 0.438102
79.2 0.43772 0.383244
79.3 0.456828 0.323902
79.4 0.472975 0.260592
79.5 0.485964 0.193872
79.6 0.495625 0.124336
79.7 0.501818 0.052609
79.8 0.504433 -0.0206604
79.9 0.503394 -0.094804
80 0.498656 -0.169142
80.1 0.490211 -0.242991
80.2 0.478082 -0.315667
80.3 0.462329 -0.386495
80.4 0.443044 -0.454816
80.5 0.420351 -0.519992
80.6 0.394408 -0.581412
80.7 0.365403 -0.638499
80.8 0.33355 -0.690715
80.9 0.299094 -0.737568
81 0.262302 -0.778615
81.1 0.223463 -0.813467
81.2 0.182887 -0.841792
81.3 0.140899 -0.86332
81.4 0.0978376 -0.877845
81.5 0.054053 -0.885226
81.6 0.00990115 -0.88539
81.7 -0.034258 -0.878332
81.8 -0.0780642 -0.864115
81.9 -0.12116 -0.842869
82 -0.163196 -0.814792
82.1 -0.203831 -0.780143
82.2 -0.242736 -0.739246
82.3 -0.279601 -0.692483
82.4 -0.314133 -0.64029
82.5 -0.346061 -0.583155
82.6 -0.375139 -0.521611
82.7 -0.401147 -0.45623
82.8 -0.423894 -0.387624
82.9 -0.443218 -0.316429
83 -0.458991 -0.243306
83.1 -0.471117 -0.168933
83.2 -0.479533 -0.0939975
83.3 -0.484212 -0.0191892
83.4 -0.48516 0.054805
83.5 -0.482417 0.127309
83.6 -0.476059 0.197663
83.7 -0.466192 0.265232
83.8 -0.452955 0.329408
83.9 -0.436517 0.389621
84 -0.417077 0.44534
84.1 -0.394859 0.496082
84.2 -0.37011 0.541413
84.3 -0.343102 0.580955
84.4 -0.314121 0.614386
84.5 -0.283475 0.641449
84.6 -0.251479 0.661949
84.7 -0.218461 0.675756
84.8 -0.184756 0.682808
84.9 -0.1507 0.683108
85 -0.11663 0.67673
85.1 -0.0828782 0.663809
85.2 -0.0497722 0.644548
85.3 -0.0176275 0.619211
85.4 0.0132527 0.588122
85.5 0.0425816 0.55166
85.6 0.0700913 0.510256
85.7 0.0955353 0.46439
85.8 0.118691 0.414585
85.9 0.139363 0.361398
86 0.157381 0.305422
86.1 0.172607 0.247272
86.2 0.184932 0.187584
86.3 0.194281 0.127006
86.4 0.200608 0.0661925
86.5 0.203901 0.00579814
86.6 0.204183 -0.0535306
86.7 0.201506 -0.11116
86.8 0.195955 -0.166478
86.9 0.187645 -0.218897
87 0.176721 -0.267862
87.1 0.163355 -0.312857
87.2 0.147745 -0.353408
87.3 0.130114 -0.389088
87.4 0.110704 -0.419525
87.5 0.0897759 -0.4444
87.6 0.0676082 -0.463454
87.7 0.0444909 -0.47649
87.8 0.0207242 -0.483375
87.9 -0.00338514 -0.484039
88 -0.0275268 -0.47848
88.1 -0.0513905 -0.466761
88.2 -0.0746689 -0.449009
88.3 -0.0970611 -0.425414
88.4 -0.118276 -0.396231
88.5 -0.138034 -0.361771
88.6 -0.156074 -0.322403
88.7 -0.172149 -0.278545
88.8 -0.186036 -0.230667
88.9 -0.197534 -0.179279
89 -0.20647 -0.12493
89.1 -0.212694 -0.0682023
89.2 -0.216088 -0.00970286
89.3 -0.216565 0.0499401
89.4 -0.214067 0.110085
89.5 -0.208569 0.170082
89.6 -0.200078 0.229282
89.7 -0.188635 0.287042
89.8 -0.174312 0.342729
89.9 -0.157211 0.395731
90 -0.137468 0.445462
90.1 -0.115244 0.491366
90.2 -0.0907311 0.532923
90.3 -0.0641462 0.569658
90.4 -0.0357297 0.601142
90.5 -0.0057437 0.626996
90.6 0.0255311 0.646898
90.7 0.0577979 0.660587
90.8 0.0907465 0.66786
90.9 0.124057 0.668581
91 0.157403 0.662677
91.1 0.190453 0.650144
91.2 0.222878 0.631043
91.3 0.254349 0.6055
91.4 0.284545 0.573709
91.5 0.313155 0.535926
91.6 0.33988 0.492466
91.7 0.364437 0.443703
91.8 0.38656 0.390068
91.9 0.406008 0.332037
92 0.422562 0.270136
92.1 0.436027 0.204928
92.2 0.44624 0.137013
92.3 0.453065 0.0670186
92.4 0.456399 -0.00440356
92.5 0.45617 -0.0765863
92.6 0.452342 -0.148852
92.7 0.444908 -0.220522
92.8 0.433901 -0.290917
92.9 0.419383 -0.359371
93 0.40145 -0.425235
93.1 0.380233 -0.487882
93.2 0.355892 -0.546715
93.3 0.328617 -0.601171
93.4 0.298627 -0.65073
93.5 0.266166 -0.694916
93.6 0.231501 -0.733306
93.7 0.194922 -0.765529
93.8 0.156737 -0.791276
93.9 0.117269 -0.810298
94 0.0768528 -0.822409
94.1 0.0358334 -0.827491
94.2 -0.00543861 -0.825492
94.3 -0.04661 -0.81643
94.4 -0.0873286 -0.800387
94.5 -0.127246 -0.777515
94.6 -0.166022 -0.74803
94.7 -0.203327 -0.712212
94.8 -0.238844 -0.670399
94.9 -0.272275 -0.622991
95 -0.303341 -0.570436
95.1 -0.331785 -0.513234
95.2 -0.357376 -0.451928
95.3 -0.379908 -0.3871
95.4 -0.399207 -0.319365
95.5 -0.415127 -0.249363
95.6 -0.427555 -0.177758
95.7 -0.436412 -0.105224
95.8 -0.441651 -0.0324453
95.9 -0.44326 0.0398945
96 -0.441262 0.111117
96.1 -0.435711 0.180559
96.2 -0.426697 0.247572
96.3 -0.414341 0.311537
96.4 -0.398795 0.371866
96.5 -0.38024 0.428007
96.6 -0.358886 0.479451
96.7 -0.334967 0.525739
96.8 -0.30874 0.56646
96.9 -0.280482 0.601264
97 -0.25049 0.629856
97.1 -0.219072 0.652007
97.2 -0.18655 0.667549
97.3 -0.153254 0.676384
97.4 -0.119518 0.678477
97.5 -0.0856787 0.673862
97.6 -0.0520702 0.662639
97.7 -0.0190223 0.644975
97.8 0.0131438 0.621098
97.9 0.0441183 0.591298
98 0.0736058 0.555926
98.1 0.101328 0.515384
98.2 0.127028 0.470125
98.3 0.15047 0.42065
98.4 0.171444 0.367499
98.5 0.189767 0.311247
98.6 0.205283 0.252499
98.7 0.217869 0.191883
98.8 0.227432 0.130044
98.9 0.23391 0.0676366
99 0.237276 0.00532025
99.1 0.237533 -0.0562496
99.2 0.23472 -0.116427
99.3 0.228906 -0.174581
99.4 0.220192 -0.230105
99.5 0.208708 -0.282421
99.6 0.194616 -0.330983
99.7 0.178102 -0.375286
99.8 0.159379 -0.414873
99.9 0.138682 -0.449332
