Wähle das Verfahren (n = 1000) (1) exp. Euler, (2) Runge-Kutter, (3) leap-frog: 
Verfahren: exp. Euler
0 0 1
0.1  0.1 0.999983
0.2  0.198998 0.98995
0.3  0.297003 0.979902
0.4  0.394014 0.969642
0.5  0.490008 0.958883
0.6  0.584936 0.947254
0.7  0.678712 0.934312
0.8  0.771206 0.919549
0.9  0.862236 0.902409
1  0.951566 0.882297
1.1  1.0389 0.858594
1.2  1.12389 0.830675
1.3  1.20611 0.797922
1.4  1.28508 0.759738
1.5  1.36026 0.715564
1.6  1.43107 0.664897
1.7  1.49685 0.607298
1.8  1.55692 0.542413
1.9  1.61056 0.46998
2  1.65702 0.389843
2.1  1.69554 0.301964
2.2  1.72535 0.206426
2.3  1.7457 0.103446
2.4  1.75584 -0.00662566
2.5  1.75507 -0.1233
2.6  1.74275 -0.245948
2.7  1.71828 -0.373806
2.8  1.68114 -0.505975
2.9  1.63092 -0.641428
3  1.56728 -0.779021
3.1  1.49001 -0.9175
3.2  1.39903 -1.05551
3.3  1.29439 -1.19163
3.4  1.17628 -1.32435
3.5  1.04502 -1.45212
3.6  0.901123 -1.57336
3.7  0.745226 -1.68647
3.8  0.578138 -1.78988
3.9  0.400821 -1.88203
4  0.214391 -1.96142
4.1  0.0201132 -2.02662
4.2  -0.180606 -2.07628
4.3  -0.386227 -2.10921
4.4  -0.595091 -2.1243
4.5  -0.805432 -2.12062
4.6  -1.01539 -2.09741
4.7  -1.22303 -2.05411
4.8  -1.42637 -1.99032
4.9  -1.62337 -1.9059
5  -1.81199 -1.80089
5.1  -1.99019 -1.67559
5.2  -2.15597 -1.53052
5.3  -2.30736 -1.36643
5.4  -2.44249 -1.18432
5.5  -2.55957 -0.985407
5.6  -2.65694 -0.771131
5.7  -2.73308 -0.543155
5.8  -2.78663 -0.303338
5.9  -2.81643 -0.0537266
6  -2.82151 0.203462
6.1  -2.80111 0.465865
6.2  -2.75473 0.730989
6.3  -2.68209 0.996241
6.4  -2.5832 1.25895
6.5  -2.45829 1.5164
6.6  -2.3079 1.76586
6.7  -2.13282 2.00458
6.8  -1.93411 2.2299
6.9  -1.71311 2.43918
7  -1.4714 2.62992
7.1  -1.21082 2.79973
7.2  -0.933455 2.94638
7.3  -0.641591 3.06785
7.4  -0.337725 3.16231
7.5  -0.0245326 3.22817
7.6  0.295153 3.26413
7.7  0.618369 3.26914
7.8  0.942051 3.24247
7.9  1.26306 3.18369
8  1.57822 3.0927
8.1  1.88434 2.96974
8.2  2.17825 2.81538
8.3  2.45685 2.63052
8.4  2.71712 2.41641
8.5  2.95615 2.17461
8.6  3.17122 1.90703
8.7  3.35978 1.61584
8.8  3.51947 1.30353
8.9  3.64823 0.972837
9  3.74423 0.626751
9.1  3.80594 0.268467
9.2  3.83217 -0.098633
9.3  3.82205 -0.471015
9.4  3.77505 -0.84503
9.5  3.69101 -1.21695
9.6  3.57016 -1.58299
9.7  3.41307 -1.93939
9.8  3.2207 -2.2824
9.9  2.99438 -2.60835
10  2.73581 -2.9137
10.1  2.44703 -3.19506
10.2  2.13041 -3.44921
10.3  1.78865 -3.67318
10.4  1.42475 -3.86426
10.5  1.04197 -4.02004
10.6  0.643791 -4.13842
10.7  0.233931 -4.21765
10.8  -0.183735 -4.25639
10.9  -0.605198 -4.25365
11  -1.02635 -4.20886
11.1  -1.44302 -4.1219
11.2  -1.85105 -3.99305
11.3  -2.24627 -3.82302
11.4  -2.62462 -3.61297
11.5  -2.98213 -3.36447
11.6  -3.31501 -3.0795
11.7  -3.61963 -2.76045
11.8  -3.89262 -2.41007
11.9  -4.1309 -2.0315
12  -4.33167 -1.62816
12.1  -4.49248 -1.2038
12.2  -4.61125 -0.762417
12.3  -4.6863 -0.308233
12.4  -4.71638 0.15435
12.5  -4.70064 0.620789
12.6  -4.63872 1.08645
12.7  -4.53069 1.54665
12.8  -4.37711 1.99671
12.9  -4.17897 2.432
13  -3.93775 2.84797
13.1  -3.65537 3.24026
13.2  -3.33417 3.60464
13.3  -2.97692 3.93717
13.4  -2.58677 4.23416
13.5  -2.16726 4.49225
13.6  -1.72223 4.70844
13.7  -1.25583 4.88011
13.8  -0.772487 5.00509
13.9  -0.276811 5.08164
14  0.226396 5.10849
14.1  0.732213 5.08488
14.2  1.23564 5.01054
14.3  1.73166 4.88571
14.4  2.21527 4.71114
14.5  2.68155 4.48812
14.6  3.1257 4.2184
14.7  3.5431 3.90425
14.8  3.92935 3.5484
14.9  4.28033 3.15403
15  4.59222 2.72474
15.1  4.86157 2.26451
15.2  5.08533 1.77768
15.3  5.26086 1.26889
15.4  5.386 0.743053
15.5  5.45905 0.205281
15.6  5.47885 -0.339133
15.7  5.44474 -0.88479
15.8  5.3566 -1.42623
15.9  5.21486 -1.95799
16  5.02047 -2.47465
16.1  4.77495 -2.97092
16.2  4.48032 -3.44164
16.3  4.1391 -3.88189
16.4  3.75432 -4.28701
16.5  3.32947 -4.65266
16.6  2.86845 -4.97485
16.7  2.37558 -5.25002
16.8  1.8555 -5.47504
16.9  1.3132 -5.64727
17  0.753896 -5.76457
17.1  0.183033 -5.82535
17.2  -0.393793 -5.82857
17.3  -0.970882 -5.77378
17.4  -1.54249 -5.66109
17.5  -2.10288 -5.4912
17.6  -2.6464 -5.2654
17.7  -3.1675 -4.98556
17.8  -3.66085 -4.65409
17.9  -4.12132 -4.27393
18  -4.54411 -3.84857
18.1  -4.92474 -3.38195
18.2  -5.25913 -2.87846
18.3  -5.54363 -2.34289
18.4  -5.77508 -1.78039
18.5  -5.9508 -1.19641
18.6  -6.06868 -0.596668
18.7  -6.12717 0.0129375
18.8  -6.12529 0.626362
18.9  -6.06268 1.23748
19  -5.93955 1.84017
19.1  -5.75677 2.42831
19.2  -5.51577 2.99594
19.3  -5.21858 3.53724
19.4  -4.86783 4.04661
19.5  -4.46668 4.51875
19.6  -4.01881 4.94872
19.7  -3.52842 5.33193
19.8  -3.00013 5.66427
19.9  -2.43899 5.9421
20  -1.85039 6.16232
20.1  -1.24004 6.32238
20.2  -0.613905 6.42032
20.3  0.021865 6.45479
20.4  0.660987 6.4251
20.5  1.29711 6.33116
20.6  1.92386 6.17355
20.7  2.53495 5.9535
20.8  3.12419 5.67285
20.9  3.68558 5.33408
21  4.21337 4.94027
21.1  4.70212 4.49506
21.2  5.14674 4.00263
21.3  5.54256 3.46765
21.4  5.88536 2.89526
21.5  6.17146 2.291
21.6  6.3977 1.66075
21.7  6.56151 1.01068
21.8  6.66094 0.3472
21.9  6.69467 -0.323108
22  6.66202 -0.993568
22.1  6.56299 -1.65747
22.2  6.39823 -2.30812
22.3  6.16907 -2.93895
22.4  5.87747 -3.54353
22.5  5.52603 -4.11569
22.6  5.11797 -4.64954
22.7  4.6571 -5.13954
22.8  4.14776 -5.58058
22.9  3.59479 -5.968
23  3.00352 -6.29768
23.1  2.37967 -6.56604
23.2  1.7293 -6.7701
23.3  1.05879 -6.90754
23.4  0.374745 -6.97665
23.5  -0.31608 -6.97645
23.6  -1.00682 -6.90661
23.7  -1.69057 -6.76753
23.8  -2.36049 -6.56028
23.9  -3.00981 -6.28665
24  -3.63199 -5.94908
24.1  -4.22067 -5.55066
24.2  -4.76985 -5.09514
24.3  -5.27387 -4.58681
24.4  -5.72751 -4.03055
24.5  -6.12603 -3.43171
24.6  -6.46522 -2.79613
24.7  -6.74144 -2.13
24.8  -6.95168 -1.43988
24.9  -7.09356 -0.732562
25  -7.1654 -0.0150681
25.1  -7.16619 0.705461
25.2  -7.09564 1.42182
25.3  -6.95416 2.12683
25.4  -6.74289 2.81338
25.5  -6.46366 3.47453
25.6  -6.119 4.10355
25.7  -5.7121 4.69403
25.8  -5.24676 5.23989
25.9  -4.72743 5.73552
26  -4.15907 6.17575
26.1  -3.54718 6.55596
26.2  -2.8977 6.87213
26.3  -2.21698 7.12085
26.4  -1.5117 7.29938
26.5  -0.788817 7.40567
26.6  -0.0554788 7.43839
26.7  0.681027 7.39695
26.8  1.41336 7.2815
26.9  2.13418 7.09293
27  2.83627 6.83286
27.1  3.51253 6.50364
27.2  4.15613 6.10832
27.3  4.76053 5.65064
27.4  5.31955 5.13496
27.5  5.82746 4.56624
27.6  6.279 3.94998
27.7  6.66948 3.29221
27.8  6.9948 2.59935
27.9  7.25148 1.87824
28  7.43674 1.13599
28.1  7.54849 0.379959
28.2  7.58537 -0.382325
28.3  7.54676 -1.14326
28.4  7.43282 -1.89521
28.5  7.24444 -2.63064
28.6  6.98326 -3.34212
28.7  6.65166 -4.02246
28.8  6.25273 -4.66475
28.9  5.79025 -5.26245
29  5.26863 -5.80943
29.1  4.6929 -6.30005
29.2  4.06865 -6.72925
29.3  3.40197 -7.09253
29.4  2.69938 -7.38605
29.5  1.9678 -7.60668
29.6  1.21445 -7.75198
29.7  0.446789 -7.82027
29.8  -0.327561 -7.81064
29.9  -1.10088 -7.72297
30  -1.86545 -7.5579
30.1  -2.61359 -7.31685
30.2  -3.33779 -7.00203
30.3  -4.03075 -6.61636
30.4  -4.68546 -6.16352
30.5  -5.29527 -5.64783
30.6  -5.85395 -5.07429
30.7  -6.35579 -4.44848
30.8  -6.79562 -3.7765
30.9  -7.16887 -3.06497
31  -7.47164 -2.32088
31.1  -7.7007 -1.5516
31.2  -7.85357 -0.764766
31.3  -7.92852 0.0318058
31.4  -7.92459 0.830167
31.5  -7.84161 1.62233
31.6  -7.6802 2.40036
31.7  -7.44178 3.15642
31.8  -7.12853 3.8829
31.9  -6.74337 4.57245
32  -6.28997 5.21808
32.1  -5.7727 5.8132
32.2  -5.19655 6.35175
32.3  -4.56714 6.82818
32.4  -3.89061 7.23758
32.5  -3.17362 7.57567
32.6  -2.42323 7.83891
32.7  -1.64684 8.02447
32.8  -0.852155 8.13031
32.9  -0.0470702 8.15517
33  0.760396 8.09862
33.1  1.56218 7.96101
33.2  2.35027 7.74354
33.3  3.11674 7.44819
33.4  3.85389 7.07774
33.5  4.5543 6.6357
33.6  5.21086 6.12635
33.7  5.81693 5.55463
33.8  6.36633 4.9261
33.9  6.85345 4.24693
34  7.27327 3.5238
34.1  7.62145 2.76384
34.2  7.89436 1.97458
34.3  8.08909 1.16385
34.4  8.20352 0.339715
34.5  8.23635 -0.489615
34.6  8.18706 -1.31585
34.7  8.05597 -2.13072
34.8  7.84421 -2.92604
34.9  7.55372 -3.69382
35  7.18724 -4.42631
35.1  6.74828 -5.11612
35.2  6.24106 -5.75625
35.3  5.6705 -6.34019
35.4  5.04219 -6.86198
35.5  4.36227 -7.31628
35.6  3.63745 -7.6984
35.7  2.87485 -8.00437
35.8  2.08204 -8.23097
35.9  1.26688 -8.37578
36  0.437449 -8.43719
36.1  -0.397976 -8.41441
36.2  -1.23106 -8.3075
36.3  -2.05348 -8.11737
36.4  -2.857 -7.84577
36.5  -3.63354 -7.49523
36.6  -4.37529 -7.06913
36.7  -5.07479 -6.57157
36.8  -5.72495 -6.00741
36.9  -6.31919 -5.38214
37  -6.85146 -4.70193
37.1  -7.31633 -3.97346
37.2  -7.70903 -3.20393
37.3  -8.0255 -2.40097
37.4  -8.26243 -1.57255
37.5  -8.41732 -0.726906
37.6  -8.48846 0.127533
37.7  -8.47499 0.982235
37.8  -8.3769 1.82865
37.9  -8.19502 2.6583
38  -7.93101 3.46285
38.1  -7.58736 4.23421
38.2  -7.16738 4.9646
38.3  -6.67512 5.64665
38.4  -6.11538 6.27345
38.5  -5.49363 6.83864
38.6  -4.81598 7.33645
38.7  -4.08911 7.76179
38.8  -3.3202 8.11029
38.9  -2.51686 8.37832
39  -1.68707 8.56307
39.1  -0.839057 8.66256
39.2  0.0187186 8.67564
39.3  0.877705 8.60205
39.4  1.72932 8.44237
39.5  2.56504 8.19807
39.6  3.37649 7.87145
39.7  4.15552 7.46564
39.8  4.89429 6.98459
39.9  5.58537 6.43297
40  6.22175 5.8162
40.1  6.79701 5.14034
40.2  7.30529 4.41206
40.3  7.74141 3.63857
40.4  8.10091 2.82752
40.5  8.38007 1.98698
40.6  8.57597 1.12531
40.7  8.68654 0.251086
40.8  8.71055 -0.626957
40.9  8.64761 -1.50004
41  8.49824 -2.35944
41.1  8.26379 -3.19652
41.2  7.94648 -4.00288
41.3  7.54936 -4.77042
41.4  7.07629 -5.4914
41.5  6.53188 -6.15853
41.6  5.92148 -6.76508
41.7  5.25107 -7.30489
41.8  4.52729 -7.77245
41.9  3.75728 -8.163
42  2.94868 -8.47252
42.1  2.10951 -8.6978
42.2  1.24812 -8.83647
42.3  0.373091 -8.88702
42.4  -0.50686 -8.84882
42.5  -1.38294 -8.72214
42.6  -2.2464 -8.50812
42.7  -3.08857 -8.20879
42.8  -3.90103 -7.82701
42.9  -4.67561 -7.36651
43  -5.40451 -6.83178
43.1  -6.0804 -6.22807
43.2  -6.69645 -5.56133
43.3  -7.24642 -4.83814
43.4  -7.72474 -4.06566
43.5  -8.12652 -3.25156
43.6  -8.44766 -2.40392
43.7  -8.68484 -1.53118
43.8  -8.83558 -0.642031
43.9  -8.89828 0.254651
44  -8.87219 1.14991
44.1  -8.75746 2.03479
44.2  -8.55513 2.90043
44.3  -8.26711 3.73814
44.4  -7.89617 4.53952
44.5  -7.44593 5.29651
44.6  -6.92078 6.00148
44.7  -6.32588 6.64732
44.8  -5.6671 7.2275
44.9  -4.95094 7.73614
45  -4.18449 8.16806
45.1  -3.37534 8.51886
45.2  -2.53155 8.78493
45.3  -1.6615 8.96351
45.4  -0.773844 9.05272
45.5  0.122551 9.05156
45.6  1.01874 8.95994
45.7  1.90578 8.77866
45.8  2.77477 8.50945
45.9  3.61703 8.15489
46  4.42409 7.71844
46.1  5.18787 7.20436
46.2  5.90066 6.61771
46.3  6.55531 5.96428
46.4  7.14519 5.25052
46.5  7.66434 4.48352
46.6  8.1075 3.67088
46.7  8.47016 2.82068
46.8  8.7486 1.94138
46.9  8.93995 1.04174
47  9.04221 0.130743
47.1  9.05427 -0.782521
47.2  8.97589 -1.68892
47.3  8.80779 -2.57938
47.4  8.55153 -3.44498
47.5  8.20959 -4.27705
47.6  7.78531 -5.06722
47.7  7.28283 -5.80755
47.8  6.7071 -6.49059
47.9  6.0638 -7.10944
48  5.35929 -7.65787
48.1  4.60054 -8.1303
48.2  3.7951 -8.52195
48.3  2.95096 -8.82882
48.4  2.07652 -9.04774
48.5  1.18049 -9.17646
48.6  0.271804 -9.21359
48.7  -0.640467 -9.15867
48.8  -1.54721 -9.01217
48.9  -2.43936 -8.77546
49  -3.30799 -8.45082
49.1  -4.14438 -8.04142
49.2  -4.94016 -7.55126
49.3  -5.68733 -6.98519
49.4  -6.37837 -6.34877
49.5  -7.00634 -5.64832
49.6  -7.56489 -4.89078
49.7  -8.04839 -4.08367
49.8  -8.45192 -3.23501
49.9  -8.77138 -2.35326
50  -9.00352 -1.4472
50.1  -9.14591 -0.525868
50.2  -9.19708 0.401536
50.3  -9.15641 1.32574
50.4  -9.02424 2.23751
50.5  -8.80181 3.12772
50.6  -8.49127 3.98743
50.7  -8.09563 4.80804
50.8  -7.61878 5.58129
50.9  -7.06542 6.29943
51  -6.44101 6.95522
51.1  -5.75173 7.54205
51.2  -5.00442 8.05399
51.3  -4.2065 8.48587
51.4  -3.36589 8.8333
51.5  -2.49096 9.09274
51.6  -1.59044 9.26151
51.7  -0.673294 9.33786
51.8  0.25132 9.32095
51.9  1.17417 9.21087
52  2.08603 9.00864
52.1  2.97777 8.71622
52.2  3.84048 8.33646
52.3  4.6655 7.87308
52.4  5.44455 7.33065
52.5  6.16983 6.71453
52.6  6.83403 6.03082
52.7  7.43047 5.28632
52.8  7.95314 4.48841
52.9  8.39675 3.64503
53  8.75682 2.76458
53.1  9.02967 1.85583
53.2  9.21253 0.927853
53.3  9.30348 -0.010094
53.4  9.30157 -0.948639
53.5  9.20672 -1.8784
53.6  9.01983 -2.79007
53.7  8.74269 -3.67452
53.8  8.37801 -4.5229
53.9  7.92937 -5.32669
54  7.40118 -6.07782
54.1  6.79868 -6.76875
54.2  6.12783 -7.39253
54.3  5.39529 -7.94286
54.4  4.60833 -8.4142
54.5  3.77478 -8.80178
54.6  2.90294 -9.10167
54.7  2.00149 -9.31079
54.8  1.07942 -9.42701
54.9  0.145941 -9.4491
55  -0.789634 -9.37676
55.1  -1.71795 -9.21066
55.2  -2.62974 -8.9524
55.3  -3.51586 -8.60449
55.4  -4.36745 -8.17036
55.5  -5.17597 -7.65428
55.6  -5.93331 -7.06136
55.7  -6.63187 -6.39748
55.8  -7.26464 -5.66923
55.9  -7.82523 -4.88384
56  -8.30801 -4.04913
56.1  -8.70809 -3.17342
56.2  -9.02144 -2.26544
56.3  -9.24485 -1.33423
56.4  -9.37603 -0.389095
56.5  -9.41363 0.560522
56.6  -9.3572 1.50513
56.7  -9.20725 2.43529
56.8  -8.96523 3.34169
56.9  -8.63348 4.21525
57  -8.21527 5.04722
57.1  -7.71473 5.82925
57.2  -7.13681 6.5535
57.3  -6.48724 7.2127
57.4  -5.77247 7.8002
57.5  -4.99959 8.3101
57.6  -4.17631 8.73725
57.7  -3.31082 9.07734
57.8  -2.41174 9.3269
57.9  -1.48804 9.4834
58  -0.548937 9.54521
58.1  0.396193 9.51166
58.2  1.33791 9.38304
58.3  2.26679 9.16056
58.4  3.17356 8.84641
58.5  4.04913 8.44366
58.6  4.88475 7.9563
58.7  5.67202 7.38916
58.8  6.40306 6.74785
58.9  7.07054 6.03874
59  7.66774 5.2689
59.1  8.18865 4.44597
59.2  8.62804 3.57816
59.3  8.98146 2.67412
59.4  9.24534 1.74286
59.5  9.41699 0.793685
59.6  9.49464 -0.16393
59.7  9.47747 -1.12042
59.8  9.3656 -2.06621
59.9  9.1601 -2.99185
60  8.86297 -3.88808
60.1  8.47713 -4.74592
60.2  8.0064 -5.55677
60.3  7.45543 -6.31251
60.4  6.82969 -7.00554
60.5  6.13539 -7.62892
60.6  5.37944 -8.17637
60.7  4.56937 -8.64238
60.8  3.71323 -9.02225
60.9  2.81956 -9.31215
61  1.89729 -9.50912
61.1  0.955598 -9.61116
61.2  0.00389868 -9.61719
61.3  -0.948303 -9.52712
61.4  -1.89149 -9.34178
61.5  -2.81624 -9.063
61.6  -3.71329 -8.69351
61.7  -4.57367 -8.23695
61.8  -5.38876 -7.69786
61.9  -6.1504 -7.08159
62  -6.85094 -6.39425
62.1  -7.48336 -5.64268
62.2  -8.0413 -4.83437
62.3  -8.51916 -3.97738
62.4  -8.91212 -3.08023
62.5  -9.21622 -2.1519
62.6  -9.42836 -1.20163
62.7  -9.54641 -0.23892
62.8  -9.56912 0.726611
62.9  -9.49623 1.68531
63  -9.32843 2.6276
63.1  -9.06734 3.54405
63.2  -8.71555 4.42549
63.3  -8.27652 5.26308
63.4  -7.7546 6.04845
63.5  -7.15498 6.77371
63.6  -6.4836 7.43158
63.7  -5.74716 8.01548
63.8  -4.95297 8.51951
63.9  -4.10896 8.93862
64  -3.22354 9.26858
64.1  -2.30554 9.50604
64.2  -1.36411 9.64861
64.3  -0.408667 9.69481
64.4  0.551259 9.64414
64.5  1.50607 9.49706
64.6  2.44623 9.25502
64.7  3.36233 8.92038
64.8  4.24521 8.49646
64.9  5.08603 7.98745
65  5.87636 7.39842
65.1  6.6083 6.73521
65.2  7.2745 6.00442
65.3  7.86828 5.21334
65.4  8.38368 4.36985
65.5  8.81551 3.48236
65.6  9.15943 2.55971
65.7  9.41196 1.61113
65.8  9.57055 0.64608
65.9  9.63357 -0.325798
66  9.60036 -1.29479
66.1  9.47121 -2.25121
66.2  9.24738 -3.1855
66.3  8.93107 -4.0883
66.4  8.5254 -4.95058
66.5  8.0344 -5.76371
66.6  7.46294 -6.51954
66.7  6.8167 -7.2105
66.8  6.10211 -7.82964
66.9  5.3263 -8.37077
67  4.49698 -8.82844
67.1  3.62243 -9.19804
67.2  2.71137 -9.47586
67.3  1.77289 -9.65907
67.4  0.81637 -9.74582
67.5  -0.148648 -9.73521
67.6  -1.11252 -9.6273
67.7  -2.06561 -9.42314
67.8  -2.99839 -9.12474
67.9  -3.90154 -8.73505
68  -4.76601 -8.25792
68.1  -5.58316 -7.69811
68.2  -6.3448 -7.06117
68.3  -7.0433 -6.35346
68.4  -7.67166 -5.582
68.5  -8.22358 -4.75451
68.6  -8.69351 -3.87922
68.7  -9.07673 -2.96488
68.8  -9.36939 -2.0206
68.9  -9.56852 -1.05582
69  -9.67211 -0.0801779
69.1  -9.67909 0.896587
69.2  -9.58937 1.86471
69.3  -9.40379 2.8145
69.4  -9.1242 3.73648
69.5  -8.75335 4.62141
69.6  -8.29491 5.46043
69.7  -7.75345 6.24515
69.8  -7.13435 6.9677
69.9  -6.44378 7.62085
70  -5.6886 8.19804
70.1  -4.87634 8.69348
70.2  -4.01512 9.1022
70.3  -3.11351 9.42007
70.4  -2.18052 9.64391
70.5  -1.22546 9.77143
70.6  -0.257865 9.80135
70.7  0.712594 9.73332
70.8  1.67622 9.568
70.9  2.62338 9.30701
71  3.54461 8.95294
71.1  4.4307 8.50929
71.2  5.27276 7.98048
71.3  6.06239 7.37176
71.4  6.79167 6.68919
71.5  7.4533 5.93958
71.6  8.04064 5.1304
71.7  8.54781 4.26972
71.8  8.96971 3.36612
71.9  9.3021 2.42864
72  9.54164 1.46662
72.1  9.68591 0.48967
72.2  9.73343 -0.492439
72.3  9.68371 -1.4699
72.4  9.53722 -2.43294
72.5  9.29539 -3.37192
72.6  8.96062 -4.27747
72.7  8.53622 -5.14051
72.8  8.02641 -5.95241
72.9  7.43627 -6.70505
73  6.77166 -7.39088
73.1  6.03922 -8.00303
73.2  5.24624 -8.53536
73.3  4.40064 -8.98254
73.4  3.51084 -9.34007
73.5  2.58573 -9.60435
73.6  1.63455 -9.77271
73.7  0.666786 -9.84346
73.8  -0.307883 -9.81586
73.9  -1.27972 -9.69016
74  -2.23902 -9.46759
74.1  -3.17619 -9.15035
74.2  -4.08185 -8.74159
74.3  -4.94695 -8.24537
74.4  -5.76284 -7.66662
74.5  -6.52134 -7.01112
74.6  -7.21487 -6.2854
74.7  -7.83647 -5.49668
74.8  -8.37992 -4.65285
74.9  -8.83977 -3.76231
75  -9.21141 -2.83396
75.1  -9.49109 -1.87707
75.2  -9.676 -0.901199
75.3  -9.76427 0.0839122
75.4  -9.75499 1.06842
75.5  -9.64825 2.04247
75.6  -9.44507 2.99635
75.7  -9.14746 3.9205
75.8  -8.75839 4.80568
75.9  -8.28171 5.64304
76  -7.72217 6.4242
76.1  -7.08535 7.14134
76.2  -6.37758 7.78728
76.3  -5.60593 8.35554
76.4  -4.7781 8.84042
76.5  -3.90233 9.23707
76.6  -2.98738 9.5415
76.7  -2.04238 9.75065
76.8  -1.07677 9.8624
76.9  -0.100182 9.87562
77  0.877614 9.79015
77.1  1.84685 9.60683
77.2  2.79784 9.32747
77.3  3.72108 8.95483
77.4  4.60733 8.49263
77.5  5.44773 7.94547
77.6  6.23387 7.31878
77.7  6.95789 6.61883
77.8  7.61253 5.85259
77.9  8.19125 5.02771
78  8.68823 4.15241
78.1  9.0985 3.23544
78.2  9.41794 2.28595
78.3  9.64334 1.31342
78.4  9.77243 0.327577
78.5  9.8039 -0.661741
78.6  9.73741 -1.64464
78.7  9.57361 -2.61131
78.8  9.31412 -3.55206
78.9  8.96151 -4.45751
79  8.51928 -5.31859
79.1  7.99185 -6.12668
79.2  7.38445 -6.87371
79.3  6.70315 -7.55219
79.4  5.95475 -8.15533
79.5  5.1467 -8.67709
79.6  4.28707 -9.11224
79.7  3.38444 -9.45641
79.8  2.44783 -9.70614
79.9  1.48658 -9.85893
80  0.510299 -9.91322
80.1  -0.471261 -9.86846
80.2  -1.44829 -9.72508
80.3  -2.41103 -9.48449
80.4  -3.34985 -9.14907
80.5  -4.25537 -8.72216
80.6  -5.11853 -8.20802
80.7  -5.9307 -7.61176
80.8  -6.68376 -6.93933
80.9  -7.37016 -6.19744
81  -7.98304 -5.39349
81.1  -8.51626 -4.53549
81.2  -8.96447 -3.63203
81.3  -9.3232 -2.69211
81.4  -9.58882 -1.72512
81.5  -9.75867 -0.740736
81.6  -9.83105 0.251223
81.7  -9.8052 1.24084
81.8  -9.68138 2.21822
81.9  -9.46079 3.17361
82  -9.14564 4.09744
82.1  -8.73905 4.98047
82.2  -8.24507 5.81388
82.3  -7.66862 6.58934
82.4  -7.01545 7.29907
82.5  -6.29207 7.93598
82.6  -5.50571 8.49369
82.7  -4.6642 8.96661
82.8  -3.77596 9.35
82.9  -2.84984 9.64002
83  -1.8951 9.83376
83.1  -0.921271 9.92925
83.2  0.061916 9.92554
83.3  1.04464 9.82265
83.4  2.01708 9.62158
83.5  2.96951 9.32433
83.6  3.89242 8.93385
83.7  4.77657 8.45405
83.8  5.61314 7.88969
83.9  6.39374 7.2464
84  7.11057 6.5306
84.1  7.75646 5.74943
84.2  8.32495 4.9107
84.3  8.81033 4.02276
84.4  9.20776 3.0945
84.5  9.51323 2.13517
84.6  9.72369 1.15437
84.7  9.83703 0.161893
84.8  9.85208 -0.832349
84.9  9.7687 -1.81842
85  9.58769 -2.78645
85.1  9.31085 -3.72679
85.2  8.94094 -4.63001
85.3  8.48164 -5.48709
85.4  7.93753 -6.28947
85.5  7.31402 -7.0291
85.6  6.61734 -7.6986
85.7  5.85445 -8.29126
85.8  5.03295 -8.80115
85.9  4.16105 -9.22316
86  3.24746 -9.55306
86.1  2.30129 -9.78755
86.2  1.33199 -9.92426
86.3  0.349261 -9.96181
86.4  -0.637093 -9.89983
86.5  -1.61721 -9.73891
86.6  -2.5813 -9.48065
86.7  -3.51973 -9.12762
86.8  -4.4231 -8.68333
86.9  -5.2824 -8.15221
87  -6.08903 -7.53956
87.1  -6.83492 -6.85148
87.2  -7.51261 -6.09486
87.3  -8.11532 -5.27723
87.4  -8.63701 -4.40677
87.5  -9.07247 -3.49216
87.6  -9.41733 -2.54253
87.7  -9.66814 -1.56739
87.8  -9.82237 -0.576454
87.9  -9.87847 0.420362
88  -9.83588 1.4131
88.1  -9.69499 2.39184
88.2  -9.45722 3.3468
88.3  -9.12491 4.26842
88.4  -8.70139 5.14751
88.5  -8.19088 5.97527
88.6  -7.59846 6.74341
88.7  -6.93004 7.44426
88.8  -6.1923 8.07081
88.9  -5.3926 8.61678
89  -4.53891 9.0767
89.1  -3.63978 9.44598
89.2  -2.70417 9.72092
89.3  -1.74144 9.89874
89.4  -0.761192 9.97767
89.5  0.226773 9.95691
89.6  1.21258 9.83664
89.7  2.18639 9.61807
89.8  3.13846 9.30337
89.9  4.05928 8.89566
90  4.93963 8.39901
90.1  5.77073 7.81838
90.2  6.54426 7.15956
90.3  7.25248 6.42913
90.4  7.88831 5.63437
90.5  8.44539 4.78322
90.6  8.91814 3.88418
90.7  9.30183 2.94624
90.8  9.59262 1.97875
90.9  9.78758 0.991383
91  9.88477 -0.00599184
91.1  9.8832 -1.00341
91.2  9.78288 -1.99091
91.3  9.58479 -2.95862
91.4  9.29091 -3.89686
91.5  8.90416 -4.79626
91.6  8.4284 -5.64782
91.7  7.86838 -6.44304
91.8  7.22967 -7.17395
91.9  6.51867 -7.83325
92  5.74245 -8.41434
92.1  4.90878 -8.91141
92.2  4.02598 -9.31948
92.3  3.10286 -9.63446
92.4  2.14864 -9.8532
92.5  1.17286 -9.9735
92.6  0.185271 -9.99416
92.7  -0.804269 -9.91494
92.8  -1.78587 -9.73665
92.9  -2.74972 -9.46104
93  -3.68618 -9.09086
93.1  -4.5859 -8.62981
93.2  -5.43989 -8.08248
93.3  -6.2396 -7.45434
93.4  -6.97703 -6.75164
93.5  -7.64482 -5.98142
93.6  -8.23629 -5.15135
93.7  -8.74551 -4.26974
93.8  -9.16739 -3.34537
93.9  -9.49771 -2.38749
94  -9.73315 -1.40567
94.1  -9.87137 -0.409715
94.2  -9.91096 0.590426
94.3  -9.85152 1.58476
94.4  -9.69364 2.56334
94.5  -9.43888 3.51639
94.6  -9.08979 4.4344
94.7  -8.64984 5.30817
94.8  -8.12342 6.12897
94.9  -7.51579 6.88861
95  -6.83301 7.57947
95.1  -6.08189 8.19465
95.2  -5.26993 8.72801
95.3  -4.40525 9.17419
95.4  -3.49648 9.52873
95.5  -2.55269 9.78809
95.6  -1.58332 9.94967
95.7  -0.598049 10.0118
95.8  0.393282 9.97396
95.9  1.38076 9.83642
96  2.35453 9.60058
96.1  3.30485 9.26878
96.2  4.22223 8.84434
96.3  5.09749 8.33149
96.4  5.92188 7.73534
96.5  6.68717 7.06185
96.6  7.38571 6.31774
96.7  8.0105 5.51045
96.8  8.55529 4.64802
96.9  9.01465 3.73909
97  9.38396 2.79271
97.1  9.65954 1.81836
97.2  9.83862 0.825769
97.3  9.91941 -0.175155
97.4  9.90108 -1.1744
97.5  9.78383 -2.16199
97.6  9.5688 -3.12806
97.7  9.25814 -4.06293
97.8  8.85496 -4.95728
97.9  8.36326 -5.80216
98  7.78796 -6.58913
98.1  7.1348 -7.31031
98.2  6.4103 -7.95849
98.3  5.6217 -8.5272
98.4  4.77686 -9.01075
98.5  3.88424 -9.40428
98.6  2.95274 -9.70388
98.7  1.99166 -9.90653
98.8  1.01062 -10.0102
98.9  0.0194103 -10.0139
99  -0.972064 -9.91745
99.1  -1.95389 -9.72194
99.2  -2.91627 -9.42927
99.3  -3.84957 -9.04235
99.4  -4.74448 -8.56506
99.5  -5.59203 -8.00214
99.6  -6.38377 -7.35923
99.7  -7.11178 -6.64274
99.8  -7.76877 -5.85982
99.9  -8.34818 -5.01829
