0	0	0		
0.005			0	3.30018e-07
0.010000	0.000000	0.000002		
0.015000			0.000000	0.000201
0.020000	0.000000	0.000007		
0.025000			0.000000	0.000501
0.030000	0.000000	0.000016		
0.035000			0.000000	0.000900
0.040000	0.000000	0.000030		
0.045000			0.000000	0.001398
0.050000	0.000000	0.000050		
0.055000			0.000000	0.001994
0.060000	0.000000	0.000077		
0.065000			0.000000	0.002687
0.070000	0.000000	0.000112		
0.075000			0.000000	0.003479
0.080000	0.000000	0.000155		
0.085000			0.000000	0.004367
0.090000	0.000000	0.000209		
0.095000			0.000000	0.005352
0.100000	0.000000	0.000273		
0.105000			0.000000	0.006432
0.110000	0.000000	0.000349		
0.115000			0.000000	0.007609
0.120000	0.000000	0.000438		
0.125000			0.000000	0.008880
0.130000	0.000000	0.000540		
0.135000			0.000000	0.010247
0.140000	0.000000	0.000658		
0.145000			0.000000	0.011707
0.150000	0.000000	0.000790		
0.155000			0.000000	0.013260
0.160000	0.000000	0.000939		
0.165000			0.000000	0.014907
0.170000	0.000000	0.001106		
0.175000			0.000000	0.016646
0.180000	0.000000	0.001290		
0.185000			0.000000	0.018477
0.190000	0.000000	0.001494		
0.195000			0.000000	0.020399
0.200000	0.000000	0.001719		
0.205000			0.000000	0.022411
0.210000	0.000000	0.001964		
0.215000			0.000000	0.024513
0.220000	0.000000	0.002231		
0.225000			0.000000	0.026705
0.230000	0.000000	0.002521		
0.235000			0.000000	0.028985
0.240000	0.000000	0.002834		
0.245000			0.000000	0.031353
0.250000	0.000000	0.003172		
0.255000			0.000000	0.033808
0.260000	0.000000	0.003536		
0.265000			0.000000	0.036350
0.270000	0.000000	0.003925		
0.275000			0.000000	0.038977
0.280000	0.000000	0.004342		
0.285000			0.000000	0.041689
0.290000	0.000000	0.004787		
0.295000			0.000000	0.044486
0.300000	0.000000	0.005261		
0.305000			0.000000	0.047365
0.310000	0.000000	0.005764		
0.315000			0.000000	0.050328
0.320000	0.000000	0.006298		
0.325000			0.000000	0.053372
0.330000	0.000000	0.006863		
0.335000			0.000000	0.056497
0.340000	0.000000	0.007460		
0.345000			0.000000	0.059702
0.350000	0.000000	0.008090		
0.355000			0.000000	0.062986
0.360000	0.000000	0.008753		
0.365000			0.000000	0.066348
0.370000	0.000000	0.009451		
0.375000			0.000000	0.069788
0.380000	0.000000	0.010184		
0.385000			0.000000	0.073304
0.390000	0.000000	0.010953		
0.395000			0.000000	0.076896
0.400000	0.000000	0.011759		
0.405000			0.000000	0.080562
0.410000	0.000000	0.012602		
0.415000			0.000000	0.084301
0.420000	0.000000	0.013483		
0.425000			0.000000	0.088113
0.430000	0.000000	0.014403		
0.435000			0.000000	0.091996
0.440000	0.000000	0.015362		
0.445000			0.000000	0.095950
0.450000	0.000000	0.016362		
0.455000			0.000000	0.099973
0.460000	0.000000	0.017403		
0.465000			0.000000	0.104064
0.470000	0.000000	0.018485		
0.475000			0.000000	0.108222
0.480000	0.000000	0.019609		
0.485000			0.000000	0.112446
0.490000	0.000000	0.020777		
0.495000			0.000000	0.116735
0.500000	0.000000	0.021988		
0.505000			0.000000	0.121087
0.510000	0.000000	0.023243		
0.515000			0.000000	0.125501
0.520000	0.000000	0.024542		
0.525000			0.000000	0.129976
0.530000	0.000000	0.025887		
0.535000			0.000000	0.134511
0.540000	0.000000	0.027278		
0.545000			0.000000	0.139104
0.550000	0.000000	0.028716		
0.555000			0.000000	0.143754
0.560000	0.000000	0.030201		
0.565000			0.000000	0.148460
0.570000	0.000000	0.031733		
0.575000			0.000000	0.153220
0.580000	0.000000	0.033313		
0.585000			0.000000	0.158032
0.590000	0.000000	0.034942		
0.595000			0.000000	0.162896
0.600000	0.000000	0.036620		
0.605000			0.000000	0.167810
0.610000	0.000000	0.038348		
0.615000			0.000000	0.172771
0.620000	0.000000	0.040126		
0.625000			0.000000	0.177780
0.630000	0.000000	0.041954		
0.635000			0.000000	0.182833
0.640000	0.000000	0.043833		
0.645000			0.000000	0.187930
0.650000	0.000000	0.045764		
0.655000			0.000000	0.193068
0.660000	0.000000	0.047746		
0.665000			0.000000	0.198246
0.670000	0.000000	0.049781		
0.675000			0.000000	0.203462
0.680000	0.000000	0.051868		
0.685000			0.000000	0.208714
0.690000	0.000000	0.054008		
0.695000			0.000000	0.214001
0.700000	0.000000	0.056201		
0.705000			0.000000	0.219321
0.710000	0.000000	0.058448		
0.715000			0.000000	0.224671
0.720000	0.000000	0.060749		
0.725000			0.000000	0.230049
0.730000	0.000000	0.063103		
0.735000			0.000000	0.235454
0.740000	0.000000	0.065512		
0.745000			0.000000	0.240883
0.750000	0.000000	0.067975		
0.755000			0.000000	0.246335
0.760000	0.000000	0.070493		
0.765000			0.000000	0.251807
0.770000	0.000000	0.073066		
0.775000			0.000000	0.257297
0.780000	0.000000	0.075694		
0.785000			0.000000	0.262802
0.790000	0.000000	0.078378		
0.795000			0.000000	0.268321
0.800000	0.000000	0.081116		
0.805000			0.000000	0.273850
0.810000	0.000000	0.083910		
0.815000			0.000000	0.279388
0.820000	0.000000	0.086759		
0.825000			0.000000	0.284931
0.830000	0.000000	0.089664		
0.835000			0.000000	0.290478
0.840000	0.000000	0.092624		
0.845000			0.000000	0.296026
0.850000	0.000000	0.095640		
0.855000			0.000000	0.301571
0.860000	0.000000	0.098711		
0.865000			0.000000	0.307112
0.870000	0.000000	0.101838		
0.875000			0.000000	0.312645
0.880000	0.000000	0.105019		
0.885000			0.000000	0.318168
0.890000	0.000000	0.108256		
0.895000			0.000000	0.323678
0.900000	0.000000	0.111548		
0.905000			0.000000	0.329171
0.910000	0.000000	0.114894		
0.915000			0.000000	0.334645
0.920000	0.000000	0.118295		
0.925000			0.000000	0.340096
0.930000	0.000000	0.121750		
0.935000			0.000000	0.345521
0.940000	0.000000	0.125260		
0.945000			0.000000	0.350918
0.950000	0.000000	0.128822		
0.955000			0.000000	0.356282
0.960000	0.000000	0.132439		
0.965000			0.000000	0.361610
0.970000	0.000000	0.136108		
0.975000			0.000000	0.366899
0.980000	0.000000	0.139829		
0.985000			0.000000	0.372146
0.990000	0.000000	0.143602		
0.995000			0.000000	0.377346
1.000000	0.000000	0.147427		
1.005000			0.000000	0.382495
1.010000	0.000000	0.151303		
1.015000			0.000000	0.387591
1.020000	0.000000	0.155230		
1.025000			0.000000	0.392630
1.030000	0.000000	0.159206		
1.035000			0.000000	0.397606
1.040000	0.000000	0.163231		
1.045000			0.000000	0.402517
1.050000	0.000000	0.167304		
1.055000			0.000000	0.407358
1.060000	0.000000	0.171426		
1.065000			0.000000	0.412125
1.070000	0.000000	0.175594		
1.075000			0.000000	0.416814
1.080000	0.000000	0.179808		
1.085000			0.000000	0.421421
1.090000	0.000000	0.184067		
1.095000			0.000000	0.425941
1.100000	0.000000	0.188371		
1.105000			0.000000	0.430369
1.110000	0.000000	0.192718		
1.115000			0.000000	0.434701
1.120000	0.000000	0.197107		
1.125000			0.000000	0.438933
1.130000	0.000000	0.201538		
1.135000			0.000000	0.443060
1.140000	0.000000	0.206009		
1.145000			0.000000	0.447076
1.150000	0.000000	0.210519		
1.155000			0.000000	0.450977
1.160000	0.000000	0.215066		
1.165000			0.000000	0.454759
1.170000	0.000000	0.219650		
1.175000			0.000000	0.458415
1.180000	0.000000	0.224270		
1.185000			0.000000	0.461941
1.190000	0.000000	0.228923		
1.195000			0.000000	0.465332
1.200000	0.000000	0.233609		
1.205000			0.000000	0.468581
1.210000	0.000000	0.238326		
1.215000			0.000000	0.471685
1.220000	0.000000	0.243072		
1.225000			0.000000	0.474637
1.230000	0.000000	0.247846		
1.235000			0.000000	0.477432
1.240000	0.000000	0.252647		
1.245000			0.000000	0.480065
1.250000	0.000000	0.257472		
1.255000			0.000000	0.482529
1.260000	0.000000	0.262321		
1.265000			0.000000	0.484819
1.270000	0.000000	0.267190		
1.275000			0.000000	0.486928
1.280000	0.000000	0.272078		
1.285000			0.000000	0.488853
1.290000	0.000000	0.276984		
1.295000			0.000000	0.490585
1.300000	0.000000	0.281905		
1.305000			0.000000	0.492119
1.310000	0.000000	0.286840		
1.315000			0.000000	0.493450
1.320000	0.000000	0.291786		
1.325000			0.000000	0.494571
1.330000	0.000000	0.296740		
1.335000			0.000000	0.495476
1.340000	0.000000	0.301702		
1.345000			0.000000	0.496159
1.350000	0.000000	0.306668		
1.355000			0.000000	0.496613
1.360000	0.000000	0.311636		
1.365000			0.000000	0.496833
1.370000	0.000000	0.316605		
1.375000			0.000000	0.496813
1.380000	0.000000	0.321570		
1.385000			0.000000	0.496545
1.390000	0.000000	0.326530		
1.395000			0.000000	0.496024
1.400000	0.000000	0.331483		
1.405000			0.000000	0.495244
1.410000	0.000000	0.336425		
1.415000			0.000000	0.494199
1.420000	0.000000	0.341354		
1.425000			0.000000	0.492882
1.430000	0.000000	0.346266		
1.435000			0.000000	0.491288
1.440000	0.000000	0.351160		
1.445000			0.000000	0.489410
1.450000	0.000000	0.356033		
1.455000			0.000000	0.487244
1.460000	0.000000	0.360881		
1.465000			0.000000	0.484782
1.470000	0.000000	0.365701		
1.475000			0.000000	0.482020
1.480000	0.000000	0.370490		
1.485000			0.000000	0.478952
1.490000	0.000000	0.375246		
1.495000			0.000000	0.475574
1.500000	0.000000	0.379965		
1.505000			0.000000	0.471879
1.510000	0.000000	0.384644		
1.515000			0.000000	0.467863
1.520000	0.000000	0.389279		
1.525000			0.000000	0.463523
1.530000	0.000000	0.393867		
1.535000			0.000000	0.458853
1.540000	0.000000	0.398406		
1.545000			0.000000	0.453850
1.550000	0.000000	0.402891		
1.555000			0.000000	0.448510
1.560000	0.000000	0.407319		
1.565000			0.000000	0.442830
1.570000	0.000000	0.411687		
1.575000			0.000000	0.436808
1.580000	0.000000	0.415992		
1.585000			0.000000	0.430441
1.590000	0.000000	0.420229		
1.595000			0.000000	0.423728
1.600000	0.000000	0.424396		
1.605000			0.000000	0.416668
1.610000	0.000000	0.428488		
1.615000			0.000000	0.409259
1.620000	0.000000	0.432503		
1.625000			0.000000	0.401503
1.630000	0.000000	0.436437		
1.635000			0.000000	0.393399
1.640000	0.000000	0.440287		
1.645000			0.000000	0.384949
1.650000	0.000000	0.444048		
1.655000			0.000000	0.376156
1.660000	0.000000	0.447719		
1.665000			0.000000	0.367021
1.670000	0.000000	0.451294		
1.675000			0.000000	0.357550
1.680000	0.000000	0.454772		
1.685000			0.000000	0.347746
1.690000	0.000000	0.458148		
1.695000			0.000000	0.337616
1.700000	0.000000	0.461419		
1.705000			0.000000	0.327164
1.710000	0.000000	0.464583		
1.715000			0.000000	0.316400
1.720000	0.000000	0.467637		
1.725000			0.000000	0.305330
1.730000	0.000000	0.470576		
1.735000			0.000000	0.293965
1.740000	0.000000	0.473399		
1.745000			0.000000	0.282314
1.750000	0.000000	0.476103		
1.755000			0.000000	0.270388
1.760000	0.000000	0.478685		
1.765000			0.000000	0.258201
1.770000	0.000000	0.481143		
1.775000			0.000000	0.245765
1.780000	0.000000	0.483474		
1.785000			0.000000	0.233094
1.790000	0.000000	0.485676		
1.795000			0.000000	0.220204
1.800000	0.000000	0.487747		
1.805000			0.000000	0.207111
1.810000	0.000000	0.489685		
1.815000			0.000000	0.193832
1.820000	0.000000	0.491489		
1.825000			0.000000	0.180385
1.830000	0.000000	0.493157		
1.835000			0.000000	0.166790
1.840000	0.000000	0.494688		
1.845000			0.000000	0.153064
1.850000	0.000000	0.496080		
1.855000			0.000000	0.139230
1.860000	0.000000	0.497333		
1.865000			0.000000	0.125307
1.870000	0.000000	0.498446		
1.875000			0.000000	0.111319
1.880000	0.000000	0.499419		
1.885000			0.000000	0.097286
1.890000	0.000000	0.500252		
1.895000			0.000000	0.083232
1.900000	0.000000	0.500943		
1.905000			0.000000	0.069179
1.910000	0.000000	0.501495		
1.915000			0.000000	0.055151
1.920000	0.000000	0.501907		
1.925000			0.000000	0.041171
1.930000	0.000000	0.502179		
1.935000			0.000000	0.027263
1.940000	0.000000	0.502314		
1.945000			0.000000	0.013450
1.950000	0.000000	0.502311		
1.955000			0.000000	-0.000245
1.960000	0.000000	0.502173		
1.965000			0.000000	-0.013799
1.970000	0.000000	0.501901		
1.975000			0.000000	-0.027188
1.980000	0.000000	0.501497		
1.985000			0.000000	-0.040390
1.990000	0.000000	0.500964		
1.995000			0.000000	-0.053384
2.000000	0.000000	0.500302		
2.005000			0.000000	-0.066148
2.010000	0.000000	0.499516		
2.015000			0.000000	-0.078661
2.020000	0.000000	0.498606		
2.025000			0.000000	-0.090903
2.030000	0.000000	0.497578		
2.035000			0.000000	-0.102856
2.040000	0.000000	0.496433		
2.045000			0.000000	-0.114501
2.050000	0.000000	0.495175		
2.055000			0.000000	-0.125821
2.060000	0.000000	0.493807		
2.065000			0.000000	-0.136799
2.070000	0.000000	0.492333		
2.075000			0.000000	-0.147419
2.080000	0.000000	0.490756		
2.085000			0.000000	-0.157668
2.090000	0.000000	0.489081		
2.095000			0.000000	-0.167532
2.100000	0.000000	0.487311		
2.105000			0.000000	-0.176998
2.110000	0.000000	0.485450		
2.115000			0.000000	-0.186056
2.120000	0.000000	0.483503		
2.125000			0.000000	-0.194695
2.130000	0.000000	0.481474		
2.135000			0.000000	-0.202906
2.140000	0.000000	0.479367		
2.145000			0.000000	-0.210681
2.150000	0.000000	0.477187		
2.155000			0.000000	-0.218013
2.160000	0.000000	0.474938		
2.165000			0.000000	-0.224896
2.170000	0.000000	0.472625		
2.175000			0.000000	-0.231326
2.180000	0.000000	0.470252		
2.185000			0.000000	-0.237297
2.190000	0.000000	0.467824		
2.195000			0.000000	-0.242808
2.200000	0.000000	0.465345		
2.205000			0.000000	-0.247855
2.210000	0.000000	0.462821		
2.215000			0.000000	-0.252439
2.220000	0.000000	0.460255		
2.225000			0.000000	-0.256557
2.230000	0.000000	0.457653		
2.235000			0.000000	-0.260212
2.240000	0.000000	0.455019		
2.245000			0.000000	-0.263403
2.250000	0.000000	0.452358		
2.255000			0.000000	-0.266133
2.260000	0.000000	0.449674		
2.265000			0.000000	-0.268404
2.270000	0.000000	0.446972		
2.275000			0.000000	-0.270220
2.280000	0.000000	0.444256		
2.285000			0.000000	-0.271585
2.290000	0.000000	0.441531		
2.295000			0.000000	-0.272502
2.300000	0.000000	0.438801		
2.305000			0.000000	-0.272976
2.310000	0.000000	0.436071		
2.315000			0.000000	-0.273014
2.320000	0.000000	0.433345		
2.325000			0.000000	-0.272620
2.330000	0.000000	0.430627		
2.335000			0.000000	-0.271801
2.340000	0.000000	0.427921		
2.345000			0.000000	-0.270564
2.350000	0.000000	0.425232		
2.355000			0.000000	-0.268915
2.360000	0.000000	0.422563		
2.365000			0.000000	-0.266863
2.370000	0.000000	0.419919		
2.375000			0.000000	-0.264413
2.380000	0.000000	0.417303		
2.385000			0.000000	-0.261575
2.390000	0.000000	0.414720		
2.395000			0.000000	-0.258355
2.400000	0.000000	0.412172		
2.405000			0.000000	-0.254763
2.410000	0.000000	0.409664		
2.415000			0.000000	-0.250807
2.420000	0.000000	0.407199		
2.425000			0.000000	-0.246496
2.430000	0.000000	0.404781		
2.435000			0.000000	-0.241837
2.440000	0.000000	0.402412		
2.445000			0.000000	-0.236841
2.450000	0.000000	0.400097		
2.455000			0.000000	-0.231515
2.460000	0.000000	0.397838		
2.465000			0.000000	-0.225870
2.470000	0.000000	0.395639		
2.475000			0.000000	-0.219913
2.480000	0.000000	0.393503		
2.485000			0.000000	-0.213656
2.490000	0.000000	0.391432		
2.495000			0.000000	-0.207105
2.500000	0.000000	0.389429		
2.505000			0.000000	-0.200272
2.510000	0.000000	0.387497		
2.515000			0.000000	-0.193165
2.520000	0.000000	0.385639		
2.525000			0.000000	-0.185794
2.530000	0.000000	0.383858		
2.535000			0.000000	-0.178168
2.540000	0.000000	0.382155		
2.545000			0.000000	-0.170296
2.550000	0.000000	0.380533		
2.555000			0.000000	-0.162189
2.560000	0.000000	0.378994		
2.565000			0.000000	-0.153854
2.570000	0.000000	0.377541		
2.575000			0.000000	-0.145303
2.580000	0.000000	0.376176		
2.585000			0.000000	-0.136544
2.590000	0.000000	0.374900		
2.595000			0.000000	-0.127587
2.600000	0.000000	0.373716		
2.605000			0.000000	-0.118441
2.610000	0.000000	0.372624		
2.615000			0.000000	-0.109115
2.620000	0.000000	0.371628		
2.625000			0.000000	-0.099620
2.630000	0.000000	0.370729		
2.635000			0.000000	-0.089964
2.640000	0.000000	0.369927		
2.645000			0.000000	-0.080157
2.650000	0.000000	0.369225		
2.655000			0.000000	-0.070209
2.660000	0.000000	0.368624		
2.665000			0.000000	-0.060128
2.670000	0.000000	0.368124		
2.675000			0.000000	-0.049925
2.680000	0.000000	0.367728		
2.685000			0.000000	-0.039608
2.690000	0.000000	0.367436		
2.695000			0.000000	-0.029188
2.700000	0.000000	0.367250		
2.705000			0.000000	-0.018673
2.710000	0.000000	0.367169		
2.715000			0.000000	-0.008074
2.720000	0.000000	0.367195		
2.725000			0.000000	0.002601
2.730000	0.000000	0.367328		
2.735000			0.000000	0.013341
2.740000	0.000000	0.367570		
2.745000			0.000000	0.024138
2.750000	0.000000	0.367920		
2.755000			0.000000	0.034981
2.760000	0.000000	0.368378		
2.765000			0.000000	0.045860
2.770000	0.000000	0.368946		
2.775000			0.000000	0.056767
2.780000	0.000000	0.369623		
2.785000			0.000000	0.067692
2.790000	0.000000	0.370409		
2.795000			0.000000	0.078623
2.800000	0.000000	0.371304		
2.805000			0.000000	0.089553
2.810000	0.000000	0.372309		
2.815000			0.000000	0.100470
2.820000	0.000000	0.373423		
2.825000			0.000000	0.111365
2.830000	0.000000	0.374645		
2.835000			0.000000	0.122227
2.840000	0.000000	0.375976		
2.845000			0.000000	0.133047
2.850000	0.000000	0.377414		
2.855000			0.000000	0.143813
2.860000	0.000000	0.378959		
2.865000			0.000000	0.154517
2.870000	0.000000	0.380610		
2.875000			0.000000	0.165146
2.880000	0.000000	0.382367		
2.885000			0.000000	0.175691
2.890000	0.000000	0.384229		
2.895000			0.000000	0.186141
2.900000	0.000000	0.386194		
2.905000			0.000000	0.196485
2.910000	0.000000	0.388261		
2.915000			0.000000	0.206711
2.920000	0.000000	0.390429		
2.925000			0.000000	0.216810
2.930000	0.000000	0.392696		
2.935000			0.000000	0.226769
2.940000	0.000000	0.395062		
2.945000			0.000000	0.236577
2.950000	0.000000	0.397524		
2.955000			0.000000	0.246223
2.960000	0.000000	0.400081		
2.965000			0.000000	0.255694
2.970000	0.000000	0.402731		
2.975000			0.000000	0.264980
2.980000	0.000000	0.405472		
2.985000			0.000000	0.274067
2.990000	0.000000	0.408301		
2.995000			0.000000	0.282944
3.000000	0.000000	0.411217		
3.005000			0.000000	0.291598
3.010000	0.000000	0.414217		
3.015000			0.000000	0.300018
3.020000	0.000000	0.417299		
3.025000			0.000000	0.308189
3.030000	0.000000	0.420460		
3.035000			0.000000	0.316099
3.040000	0.000000	0.423698		
3.045000			0.000000	0.323736
3.050000	0.000000	0.427009		
3.055000			0.000000	0.331085
3.060000	0.000000	0.430390		
3.065000			0.000000	0.338134
3.070000	0.000000	0.433839		
3.075000			0.000000	0.344869
3.080000	0.000000	0.437351		
3.085000			0.000000	0.351277
3.090000	0.000000	0.440925		
3.095000			0.000000	0.357343
3.100000	0.000000	0.444555		
3.105000			0.000000	0.363054
3.110000	0.000000	0.448239		
3.115000			0.000000	0.368395
3.120000	0.000000	0.451973		
3.125000			0.000000	0.373353
3.130000	0.000000	0.455752		
3.135000			0.000000	0.377914
3.140000	0.000000	0.459573		
3.145000			0.000000	0.382062
3.150000	0.000000	0.463430		
3.155000			0.000000	0.385785
3.160000	0.000000	0.467321		
3.165000			0.000000	0.389067
3.170000	0.000000	0.471240		
3.175000			0.000000	0.391895
3.180000	0.000000	0.475183		
3.185000			0.000000	0.394255
3.190000	0.000000	0.479144		
3.195000			0.000000	0.396132
3.200000	0.000000	0.483119		
3.205000			0.000000	0.397513
3.210000	0.000000	0.487103		
3.215000			0.000000	0.398385
3.220000	0.000000	0.491090		
3.225000			0.000000	0.398733
3.230000	0.000000	0.495076		
3.235000			0.000000	0.398547
3.240000	0.000000	0.499054		
3.245000			0.000000	0.397812
3.250000	0.000000	0.503019		
3.255000			0.000000	0.396518
3.260000	0.000000	0.506965		
3.265000			0.000000	0.394653
3.270000	0.000000	0.510888		
3.275000			0.000000	0.392206
3.280000	0.000000	0.514779		
3.285000			0.000000	0.389168
3.290000	0.000000	0.518635		
3.295000			0.000000	0.385531
3.300000	0.000000	0.522447		
3.305000			0.000000	0.381286
3.310000	0.000000	0.526212		
3.315000			0.000000	0.376426
3.320000	0.000000	0.529921		
3.325000			0.000000	0.370947
3.330000	0.000000	0.533570		
3.335000			0.000000	0.364844
3.340000	0.000000	0.537151		
3.345000			0.000000	0.358116
3.350000	0.000000	0.540658		
3.355000			0.000000	0.350760
3.360000	0.000000	0.544086		
3.365000			0.000000	0.342779
3.370000	0.000000	0.547428		
3.375000			0.000000	0.334174
3.380000	0.000000	0.550677		
3.385000			0.000000	0.324951
3.390000	0.000000	0.553829		
3.395000			0.000000	0.315118
3.400000	0.000000	0.556875		
3.405000			0.000000	0.304682
3.410000	0.000000	0.559812		
3.415000			0.000000	0.293657
3.420000	0.000000	0.562632		
3.425000			0.000000	0.282055
3.430000	0.000000	0.565331		
3.435000			0.000000	0.269895
3.440000	0.000000	0.567903		
3.445000			0.000000	0.257195
3.450000	0.000000	0.570343		
3.455000			0.000000	0.243978
3.460000	0.000000	0.572646		
3.465000			0.000000	0.230267
3.470000	0.000000	0.574807		
3.475000			0.000000	0.216092
3.480000	0.000000	0.576822		
3.485000			0.000000	0.201480
3.490000	0.000000	0.578686		
3.495000			0.000000	0.186467
3.500000	0.000000	0.580397		
3.505000			0.000000	0.171085
3.510000	0.000000	0.581951		
3.515000			0.000000	0.155374
3.520000	0.000000	0.583345		
3.525000			0.000000	0.139372
3.530000	0.000000	0.584576		
3.535000			0.000000	0.123122
3.540000	0.000000	0.585642		
3.545000			0.000000	0.106668
3.550000	0.000000	0.586543		
3.555000			0.000000	0.090054
3.560000	0.000000	0.587276		
3.565000			0.000000	0.073328
3.570000	0.000000	0.587842		
3.575000			0.000000	0.056537
3.580000	0.000000	0.588239		
3.585000			0.000000	0.039730
3.590000	0.000000	0.588468		
3.595000			0.000000	0.022957
3.600000	0.000000	0.588531		
3.605000			0.000000	0.006265
3.610000	0.000000	0.588428		
3.615000			0.000000	-0.010294
3.620000	0.000000	0.588161		
3.625000			0.000000	-0.026674
3.630000	0.000000	0.587733		
3.635000			0.000000	-0.042826
3.640000	0.000000	0.587146		
3.645000			0.000000	-0.058702
3.650000	0.000000	0.586404		
3.655000			0.000000	-0.074259
3.660000	0.000000	0.585509		
3.665000			0.000000	-0.089451
3.670000	0.000000	0.584467		
3.675000			0.000000	-0.104238
3.680000	0.000000	0.583281		
3.685000			0.000000	-0.118579
3.690000	0.000000	0.581957		
3.695000			0.000000	-0.132437
3.700000	0.000000	0.580499		
3.705000			0.000000	-0.145777
3.710000	0.000000	0.578913		
3.715000			0.000000	-0.158566
3.720000	0.000000	0.577205		
3.725000			0.000000	-0.170775
3.730000	0.000000	0.575382		
3.735000			0.000000	-0.182377
3.740000	0.000000	0.573448		
3.745000			0.000000	-0.193348
3.750000	0.000000	0.571411		
3.755000			0.000000	-0.203667
3.760000	0.000000	0.569278		
3.765000			0.000000	-0.213314
3.770000	0.000000	0.567056		
3.775000			0.000000	-0.222276
3.780000	0.000000	0.564750		
3.785000			0.000000	-0.230537
3.790000	0.000000	0.562369		
3.795000			0.000000	-0.238089
3.800000	0.000000	0.559920		
3.805000			0.000000	-0.244924
3.810000	0.000000	0.557410		
3.815000			0.000000	-0.251036
3.820000	0.000000	0.554845		
3.825000			0.000000	-0.256422
3.830000	0.000000	0.552235		
3.835000			0.000000	-0.261082
3.840000	0.000000	0.549584		
3.845000			0.000000	-0.265017
3.850000	0.000000	0.546902		
3.855000			0.000000	-0.268231
3.860000	0.000000	0.544195		
3.865000			0.000000	-0.270728
3.870000	0.000000	0.541470		
3.875000			0.000000	-0.272516
3.880000	0.000000	0.538734		
3.885000			0.000000	-0.273603
3.890000	0.000000	0.535994		
3.895000			0.000000	-0.273999
3.900000	0.000000	0.533257		
3.905000			0.000000	-0.273715
3.910000	0.000000	0.530529		
3.915000			0.000000	-0.272764
3.920000	0.000000	0.527817		
3.925000			0.000000	-0.271158
3.930000	0.000000	0.525128		
3.935000			0.000000	-0.268913
3.940000	0.000000	0.522468		
3.945000			0.000000	-0.266043
3.950000	0.000000	0.519842		
3.955000			0.000000	-0.262564
3.960000	0.000000	0.517257		
3.965000			0.000000	-0.258494
3.970000	0.000000	0.514719		
3.975000			0.000000	-0.253848
3.980000	0.000000	0.512232		
3.985000			0.000000	-0.248646
3.990000	0.000000	0.509803		
3.995000			0.000000	-0.242904
4.000000	0.000000	0.507437		
4.005000			0.000000	-0.236641
4.010000	0.000000	0.505138		
4.015000			0.000000	-0.229877
4.020000	0.000000	0.502912		
4.025000			0.000000	-0.222630
4.030000	0.000000	0.500763		
4.035000			0.000000	-0.214920
4.040000	0.000000	0.498695		
4.045000			0.000000	-0.206765
4.050000	0.000000	0.496713		
4.055000			0.000000	-0.198185
4.060000	0.000000	0.494821		
4.065000			0.000000	-0.189200
4.070000	0.000000	0.493023		
4.075000			0.000000	-0.179829
4.080000	0.000000	0.491322		
4.085000			0.000000	-0.170093
4.090000	0.000000	0.489722		
4.095000			0.000000	-0.160010
4.100000	0.000000	0.488226		
4.105000			0.000000	-0.149602
4.110000	0.000000	0.486837		
4.115000			0.000000	-0.138886
4.120000	0.000000	0.485558		
4.125000			0.000000	-0.127884
4.130000	0.000000	0.484392		
4.135000			0.000000	-0.116614
4.140000	0.000000	0.483341		
4.145000			0.000000	-0.105097
4.150000	0.000000	0.482407		
4.155000			0.000000	-0.093351
4.160000	0.000000	0.481593		
4.165000			0.000000	-0.081398
4.170000	0.000000	0.480901		
4.175000			0.000000	-0.069256
4.180000	0.000000	0.480331		
4.185000			0.000000	-0.056944
4.190000	0.000000	0.479887		
4.195000			0.000000	-0.044484
4.200000	0.000000	0.479568		
4.205000			0.000000	-0.031893
4.210000	0.000000	0.479376		
4.215000			0.000000	-0.019192
4.220000	0.000000	0.479312		
4.225000			0.000000	-0.006399
4.230000	0.000000	0.479376		
4.235000			0.000000	0.006464
4.240000	0.000000	0.479570		
4.245000			0.000000	0.019379
4.250000	0.000000	0.479893		
4.255000			0.000000	0.032326
4.260000	0.000000	0.480346		
4.265000			0.000000	0.045285
4.270000	0.000000	0.480929		
4.275000			0.000000	0.058237
4.280000	0.000000	0.481640		
4.285000			0.000000	0.071162
4.290000	0.000000	0.482481		
4.295000			0.000000	0.084039
4.300000	0.000000	0.483449		
4.305000			0.000000	0.096849
4.310000	0.000000	0.484545		
4.315000			0.000000	0.109572
4.320000	0.000000	0.485767		
4.325000			0.000000	0.122187
4.330000	0.000000	0.487113		
4.335000			0.000000	0.134674
4.340000	0.000000	0.488584		
4.345000			0.000000	0.147012
4.350000	0.000000	0.490175		
4.355000			0.000000	0.159181
4.360000	0.000000	0.491887		
4.365000			0.000000	0.171160
4.370000	0.000000	0.493716		
4.375000			0.000000	0.182927
4.380000	0.000000	0.495661		
4.385000			0.000000	0.194462
4.390000	0.000000	0.497718		
4.395000			0.000000	0.205744
4.400000	0.000000	0.499886		
4.405000			0.000000	0.216749
4.410000	0.000000	0.502160		
4.415000			0.000000	0.227458
4.420000	0.000000	0.504539		
4.425000			0.000000	0.237847
4.430000	0.000000	0.507018		
4.435000			0.000000	0.247896
4.440000	0.000000	0.509594		
4.445000			0.000000	0.257580
4.450000	0.000000	0.512262		
4.455000			0.000000	0.266878
4.460000	0.000000	0.515020		
4.465000			0.000000	0.275768
4.470000	0.000000	0.517862		
4.475000			0.000000	0.284226
4.480000	0.000000	0.520785		
4.485000			0.000000	0.292230
4.490000	0.000000	0.523782		
4.495000			0.000000	0.299757
4.500000	0.000000	0.526850		
4.505000			0.000000	0.306784
4.510000	0.000000	0.529983		
4.515000			0.000000	0.313287
4.520000	0.000000	0.533175		
4.525000			0.000000	0.319245
4.530000	0.000000	0.536422		
4.535000			0.000000	0.324634
4.540000	0.000000	0.539716		
4.545000			0.000000	0.329433
4.550000	0.000000	0.543052		
4.555000			0.000000	0.333618
4.560000	0.000000	0.546424		
4.565000			0.000000	0.337168
4.570000	0.000000	0.549825		
4.575000			0.000000	0.340061
4.580000	0.000000	0.553247		
4.585000			0.000000	0.342277
4.590000	0.000000	0.556685		
4.595000			0.000000	0.343796
4.600000	0.000000	0.560131		
4.605000			0.000000	0.344599
4.610000	0.000000	0.563578		
4.615000			0.000000	0.344667
4.620000	0.000000	0.567018		
4.625000			0.000000	0.343983
4.630000	0.000000	0.570443		
4.635000			0.000000	0.342533
4.640000	0.000000	0.573846		
4.645000			0.000000	0.340300
4.650000	0.000000	0.577219		
4.655000			0.000000	0.337275
4.660000	0.000000	0.580553		
4.665000			0.000000	0.333445
4.670000	0.000000	0.583841		
4.675000			0.000000	0.328802
4.680000	0.000000	0.587075		
4.685000			0.000000	0.323342
4.690000	0.000000	0.590245		
4.695000			0.000000	0.317060
4.700000	0.000000	0.593345		
4.705000			0.000000	0.309957
4.710000	0.000000	0.596365		
4.715000			0.000000	0.302035
4.720000	0.000000	0.599298		
4.725000			0.000000	0.293301
4.730000	0.000000	0.602136		
4.735000			0.000000	0.283764
4.740000	0.000000	0.604870		
4.745000			0.000000	0.273438
4.750000	0.000000	0.607494		
4.755000			0.000000	0.262340
4.760000	0.000000	0.609999		
4.765000			0.000000	0.250493
4.770000	0.000000	0.612378		
4.775000			0.000000	0.237921
4.780000	0.000000	0.614624		
4.785000			0.000000	0.224656
4.790000	0.000000	0.616732		
4.795000			0.000000	0.210732
4.800000	0.000000	0.618694		
4.805000			0.000000	0.196187
4.810000	0.000000	0.620504		
4.815000			0.000000	0.181066
4.820000	0.000000	0.622158		
4.825000			0.000000	0.165416
4.830000	0.000000	0.623651		
4.835000			0.000000	0.149288
4.840000	0.000000	0.624979		
4.845000			0.000000	0.132738
4.850000	0.000000	0.626137		
4.855000			0.000000	0.115825
4.860000	0.000000	0.627123		
4.865000			0.000000	0.098611
4.870000	0.000000	0.627935		
4.875000			0.000000	0.081160
4.880000	0.000000	0.628570		
4.885000			0.000000	0.063540
4.890000	0.000000	0.629028		
4.895000			0.000000	0.045820
4.900000	0.000000	0.629309		
4.905000			0.000000	0.028070
4.910000	0.000000	0.629413		
4.915000			0.000000	0.010360
4.920000	0.000000	0.629340		
4.925000			0.000000	-0.007238
4.930000	0.000000	0.629094		
4.935000			0.000000	-0.024655
4.940000	0.000000	0.628675		
4.945000			0.000000	-0.041820
4.950000	0.000000	0.628089		
4.955000			0.000000	-0.058666
4.960000	0.000000	0.627337		
4.965000			0.000000	-0.075128
4.970000	0.000000	0.626426		
4.975000			0.000000	-0.091142
4.980000	0.000000	0.625360		
4.985000			0.000000	-0.106649
4.990000	0.000000	0.624144		
4.995000			0.000000	-0.121592
5.000000	0.000000	0.622784		
5.005000			0.000000	-0.135919
5.010000	0.000000	0.621289		
5.015000			0.000000	-0.149581
5.020000	0.000000	0.619663		
5.025000			0.000000	-0.162534
5.030000	0.000000	0.617916		
5.035000			0.000000	-0.174739
5.040000	0.000000	0.616054		
5.045000			0.000000	-0.186161
5.050000	0.000000	0.614087		
5.055000			0.000000	-0.196768
5.060000	0.000000	0.612021		
5.065000			0.000000	-0.206536
5.070000	0.000000	0.609867		
5.075000			0.000000	-0.215442
5.080000	0.000000	0.607632		
5.085000			0.000000	-0.223470
5.090000	0.000000	0.605326		
5.095000			0.000000	-0.230608
5.100000	0.000000	0.602958		
5.105000			0.000000	-0.236845
5.110000	0.000000	0.600536		
5.115000			0.000000	-0.242179
5.120000	0.000000	0.598070		
5.125000			0.000000	-0.246607
5.130000	0.000000	0.595568		
5.135000			0.000000	-0.250133
5.140000	0.000000	0.593041		
5.145000			0.000000	-0.252762
5.150000	0.000000	0.590496		
5.155000			0.000000	-0.254502
5.160000	0.000000	0.587942		
5.165000			0.000000	-0.255366
5.170000	0.000000	0.585388		
5.175000			0.000000	-0.255367
5.180000	0.000000	0.582843		
5.185000			0.000000	-0.254521
5.190000	0.000000	0.580315		
5.195000			0.000000	-0.252846
5.200000	0.000000	0.577811		
5.205000			0.000000	-0.250362
5.210000	0.000000	0.575340		
5.215000			0.000000	-0.247092
5.220000	0.000000	0.572910		
5.225000			0.000000	-0.243058
5.230000	0.000000	0.570527		
5.235000			0.000000	-0.238284
5.240000	0.000000	0.568199		
5.245000			0.000000	-0.232795
5.250000	0.000000	0.565933		
5.255000			0.000000	-0.226619
5.260000	0.000000	0.563735		
5.265000			0.000000	-0.219781
5.270000	0.000000	0.561612		
5.275000			0.000000	-0.212311
5.280000	0.000000	0.559569		
5.285000			0.000000	-0.204236
5.290000	0.000000	0.557614		
5.295000			0.000000	-0.195584
5.300000	0.000000	0.555750		
5.305000			0.000000	-0.186386
5.310000	0.000000	0.553983		
5.315000			0.000000	-0.176670
5.320000	0.000000	0.552318		
5.325000			0.000000	-0.166466
5.330000	0.000000	0.550760		
5.335000			0.000000	-0.155804
5.340000	0.000000	0.549313		
5.345000			0.000000	-0.144715
5.350000	0.000000	0.547981		
5.355000			0.000000	-0.133228
5.360000	0.000000	0.546767		
5.365000			0.000000	-0.121373
5.370000	0.000000	0.545675		
5.375000			0.000000	-0.109180
5.380000	0.000000	0.544709		
5.385000			0.000000	-0.096681
5.390000	0.000000	0.543869		
5.395000			0.000000	-0.083905
5.400000	0.000000	0.543161		
5.405000			0.000000	-0.070881
5.410000	0.000000	0.542584		
5.415000			0.000000	-0.057642
5.420000	0.000000	0.542142		
5.425000			0.000000	-0.044216
5.430000	0.000000	0.541836		
5.435000			0.000000	-0.030634
5.440000	0.000000	0.541667		
5.445000			0.000000	-0.016926
5.450000	0.000000	0.541635		
5.455000			0.000000	-0.003122
5.460000	0.000000	0.541743		
5.465000			0.000000	0.010747
5.470000	0.000000	0.541989		
5.475000			0.000000	0.024651
5.480000	0.000000	0.542375		
5.485000			0.000000	0.038559
5.490000	0.000000	0.542899		
5.495000			0.000000	0.052442
5.500000	0.000000	0.543562		
5.505000			0.000000	0.066269
5.510000	0.000000	0.544362		
5.515000			0.000000	0.080009
5.520000	0.000000	0.545298		
5.525000			0.000000	0.093632
5.530000	0.000000	0.546369		
5.535000			0.000000	0.107107
5.540000	0.000000	0.547573		
5.545000			0.000000	0.120403
5.550000	0.000000	0.548908		
5.555000			0.000000	0.133489
5.560000	0.000000	0.550372		
5.565000			0.000000	0.146334
5.570000	0.000000	0.551961		
5.575000			0.000000	0.158906
5.580000	0.000000	0.553673		
5.585000			0.000000	0.171174
5.590000	0.000000	0.555504		
5.595000			0.000000	0.183107
5.600000	0.000000	0.557450		
5.605000			0.000000	0.194673
5.610000	0.000000	0.559509		
5.615000			0.000000	0.205840
5.620000	0.000000	0.561674		
5.625000			0.000000	0.216576
5.630000	0.000000	0.563943		
5.635000			0.000000	0.226849
5.640000	0.000000	0.566309		
5.645000			0.000000	0.236628
5.650000	0.000000	0.568768		
5.655000			0.000000	0.245880
5.660000	0.000000	0.571314		
5.665000			0.000000	0.254573
5.670000	0.000000	0.573941		
5.675000			0.000000	0.262676
5.680000	0.000000	0.576642		
5.685000			0.000000	0.270158
5.690000	0.000000	0.579412		
5.695000			0.000000	0.276987
5.700000	0.000000	0.582243		
5.705000			0.000000	0.283133
5.710000	0.000000	0.585129		
5.715000			0.000000	0.288565
5.720000	0.000000	0.588062		
5.725000			0.000000	0.293255
5.730000	0.000000	0.591033		
5.735000			0.000000	0.297173
5.740000	0.000000	0.594036		
5.745000			0.000000	0.300292
5.750000	0.000000	0.597062		
5.755000			0.000000	0.302587
5.760000	0.000000	0.600102		
5.765000			0.000000	0.304032
5.770000	0.000000	0.603148		
5.775000			0.000000	0.304605
5.780000	0.000000	0.606191		
5.785000			0.000000	0.304284
5.790000	0.000000	0.609222		
5.795000			0.000000	0.303052
5.800000	0.000000	0.612231		
5.805000			0.000000	0.300891
5.810000	0.000000	0.615209		
5.815000			0.000000	0.297788
5.820000	0.000000	0.618146		
5.825000			0.000000	0.293735
5.830000	0.000000	0.621033		
5.835000			0.000000	0.288723
5.840000	0.000000	0.623861		
5.845000			0.000000	0.282751
5.850000	0.000000	0.626619		
5.855000			0.000000	0.275820
5.860000	0.000000	0.629298		
5.865000			0.000000	0.267937
5.870000	0.000000	0.631889		
5.875000			0.000000	0.259112
5.880000	0.000000	0.634383		
5.885000			0.000000	0.249361
5.890000	0.000000	0.636770		
5.895000			0.000000	0.238707
5.900000	0.000000	0.639042		
5.905000			0.000000	0.227177
5.910000	0.000000	0.641190		
5.915000			0.000000	0.214803
5.920000	0.000000	0.643206		
5.925000			0.000000	0.201625
5.930000	0.000000	0.645083		
5.935000			0.000000	0.187688
5.940000	0.000000	0.646813		
5.945000			0.000000	0.173042
5.950000	0.000000	0.648391		
5.955000			0.000000	0.157745
5.960000	0.000000	0.649809		
5.965000			0.000000	0.141859
5.970000	0.000000	0.651064		
5.975000			0.000000	0.125450
5.980000	0.000000	0.652150		
5.985000			0.000000	0.108592
5.990000	0.000000	0.653063		
5.995000			0.000000	0.091361
6.000000	0.000000	0.653802		
6.005000			0.000000	0.073837
6.010000	0.000000	0.654363		
6.015000			0.000000	0.056104
6.020000	0.000000	0.654745		
6.025000			0.000000	0.038249
6.030000	0.000000	0.654949		
6.035000			0.000000	0.020358
6.040000	0.000000	0.654974		
6.045000			0.000000	0.002519
6.050000	0.000000	0.654822		
6.055000			0.000000	-0.015178
6.060000	0.000000	0.654496		
6.065000			0.000000	-0.032647
6.070000	0.000000	0.653998		
6.075000			0.000000	-0.049802
6.080000	0.000000	0.653332		
6.085000			0.000000	-0.066560
6.090000	0.000000	0.652504		
6.095000			0.000000	-0.082841
6.100000	0.000000	0.651518		
6.105000			0.000000	-0.098570
6.110000	0.000000	0.650381		
6.115000			0.000000	-0.113674
6.120000	0.000000	0.649100		
6.125000			0.000000	-0.128088
6.130000	0.000000	0.647683		
6.135000			0.000000	-0.141752
6.140000	0.000000	0.646137		
6.145000			0.000000	-0.154609
6.150000	0.000000	0.644471		
6.155000			0.000000	-0.166610
6.160000	0.000000	0.642694		
6.165000			0.000000	-0.177714
6.170000	0.000000	0.640815		
6.175000			0.000000	-0.187884
6.180000	0.000000	0.638844		
6.185000			0.000000	-0.197088
6.190000	0.000000	0.636791		
6.195000			0.000000	-0.205303
6.200000	0.000000	0.634666		
6.205000			0.000000	-0.212510
6.210000	0.000000	0.632479		
6.215000			0.000000	-0.218697
6.220000	0.000000	0.630240		
6.225000			0.000000	-0.223857
6.230000	0.000000	0.627960		
6.235000			0.000000	-0.227986
6.240000	0.000000	0.625650		
6.245000			0.000000	-0.231089
6.250000	0.000000	0.623318		
6.255000			0.000000	-0.233172
6.260000	0.000000	0.620975		
6.265000			0.000000	-0.234246
6.270000	0.000000	0.618632		
6.275000			0.000000	-0.234328
6.280000	0.000000	0.616298		
6.285000			0.000000	-0.233434
6.290000	0.000000	0.613982		
6.295000			0.000000	-0.231588
6.300000	0.000000	0.611694		
6.305000			0.000000	-0.228814
6.310000	0.000000	0.609442		
6.315000			0.000000	-0.225139
6.320000	0.000000	0.607236		
6.325000			0.000000	-0.220591
6.330000	0.000000	0.605084		
6.335000			0.000000	-0.215202
6.340000	0.000000	0.602994		
6.345000			0.000000	-0.209005
6.350000	0.000000	0.600974		
6.355000			0.000000	-0.202034
6.360000	0.000000	0.599031		
6.365000			0.000000	-0.194325
6.370000	0.000000	0.597172		
6.375000			0.000000	-0.185914
6.380000	0.000000	0.595403		
6.385000			0.000000	-0.176837
6.390000	0.000000	0.593732		
6.395000			0.000000	-0.167135
6.400000	0.000000	0.592163		
6.405000			0.000000	-0.156844
6.410000	0.000000	0.590703		
6.415000			0.000000	-0.146005
6.420000	0.000000	0.589357		
6.425000			0.000000	-0.134656
6.430000	0.000000	0.588128		
6.435000			0.000000	-0.122839
6.440000	0.000000	0.587023		
6.445000			0.000000	-0.110592
6.450000	0.000000	0.586043		
6.455000			0.000000	-0.097957
6.460000	0.000000	0.585193		
6.465000			0.000000	-0.084973
6.470000	0.000000	0.584476		
6.475000			0.000000	-0.071681
6.480000	0.000000	0.583895		
6.485000			0.000000	-0.058123
6.490000	0.000000	0.583452		
6.495000			0.000000	-0.044338
6.500000	0.000000	0.583148		
6.505000			0.000000	-0.030367
6.510000	0.000000	0.582986		
6.515000			0.000000	-0.016252
6.520000	0.000000	0.582965		
6.525000			0.000000	-0.002032
6.530000	0.000000	0.583088		
6.535000			0.000000	0.012250
6.540000	0.000000	0.583353		
6.545000			0.000000	0.026555
6.550000	0.000000	0.583762		
6.555000			0.000000	0.040841
6.560000	0.000000	0.584312		
6.565000			0.000000	0.055067
6.570000	0.000000	0.585004		
6.575000			0.000000	0.069193
6.580000	0.000000	0.585836		
6.585000			0.000000	0.083176
6.590000	0.000000	0.586806		
6.595000			0.000000	0.096977
6.600000	0.000000	0.587911		
6.605000			0.000000	0.110553
6.610000	0.000000	0.589150		
6.615000			0.000000	0.123864
6.620000	0.000000	0.590519		
6.625000			0.000000	0.136867
6.630000	0.000000	0.592014		
6.635000			0.000000	0.149523
6.640000	0.000000	0.593632		
6.645000			0.000000	0.161788
6.650000	0.000000	0.595368		
6.655000			0.000000	0.173623
6.660000	0.000000	0.597218		
6.665000			0.000000	0.184985
6.670000	0.000000	0.599176		
6.675000			0.000000	0.195834
6.680000	0.000000	0.601238		
6.685000			0.000000	0.206128
6.690000	0.000000	0.603396		
6.695000			0.000000	0.215828
6.700000	0.000000	0.605645		
6.705000			0.000000	0.224892
6.710000	0.000000	0.607978		
6.715000			0.000000	0.233281
6.720000	0.000000	0.610387		
6.725000			0.000000	0.240956
6.730000	0.000000	0.612866		
6.735000			0.000000	0.247878
6.740000	0.000000	0.615406		
6.745000			0.000000	0.254011
6.750000	0.000000	0.617999		
6.755000			0.000000	0.259317
6.760000	0.000000	0.620637		
6.765000			0.000000	0.263763
6.770000	0.000000	0.623310		
6.775000			0.000000	0.267315
6.780000	0.000000	0.626009		
6.785000			0.000000	0.269942
6.790000	0.000000	0.628726		
6.795000			0.000000	0.271615
6.800000	0.000000	0.631449		
6.805000			0.000000	0.272309
6.810000	0.000000	0.634169		
6.815000			0.000000	0.271999
6.820000	0.000000	0.636875		
6.825000			0.000000	0.270667
6.830000	0.000000	0.639558		
6.835000			0.000000	0.268296
6.840000	0.000000	0.642207		
6.845000			0.000000	0.264874
6.850000	0.000000	0.644811		
6.855000			0.000000	0.260394
6.860000	0.000000	0.647359		
6.865000			0.000000	0.254854
6.870000	0.000000	0.649842		
6.875000			0.000000	0.248258
6.880000	0.000000	0.652248		
6.885000			0.000000	0.240615
6.890000	0.000000	0.654568		
6.895000			0.000000	0.231940
6.900000	0.000000	0.656790		
6.905000			0.000000	0.222256
6.910000	0.000000	0.658906		
6.915000			0.000000	0.211592
6.920000	0.000000	0.660906		
6.925000			0.000000	0.199983
6.930000	0.000000	0.662781		
6.935000			0.000000	0.187475
6.940000	0.000000	0.664522		
6.945000			0.000000	0.174117
6.950000	0.000000	0.666121		
6.955000			0.000000	0.159969
6.960000	0.000000	0.667572		
6.965000			0.000000	0.145095
6.970000	0.000000	0.668868		
6.975000			0.000000	0.129567
6.980000	0.000000	0.670003		
6.985000			0.000000	0.113465
6.990000	0.000000	0.670972		
6.995000			0.000000	0.096873
7.000000	0.000000	0.671770		
7.005000			0.000000	0.079880
7.010000	0.000000	0.672396		
7.015000			0.000000	0.062580
7.020000	0.000000	0.672847		
7.025000			0.000000	0.045072
7.030000	0.000000	0.673121		
7.035000			0.000000	0.027456
7.040000	0.000000	0.673220		
7.045000			0.000000	0.009832
7.050000	0.000000	0.673143		
7.055000			0.000000	-0.007695
7.060000	0.000000	0.672892		
7.065000			0.000000	-0.025026
7.070000	0.000000	0.672472		
7.075000			0.000000	-0.042058
7.080000	0.000000	0.671885		
7.085000			0.000000	-0.058696
7.090000	0.000000	0.671136		
7.095000			0.000000	-0.074846
7.100000	0.000000	0.670232		
7.105000			0.000000	-0.090418
7.110000	0.000000	0.669179		
7.115000			0.000000	-0.105329
7.120000	0.000000	0.667984		
7.125000			0.000000	-0.119501
7.130000	0.000000	0.666655		
7.135000			0.000000	-0.132863
7.140000	0.000000	0.665202		
7.145000			0.000000	-0.145351
7.150000	0.000000	0.663633		
7.155000			0.000000	-0.156908
7.160000	0.000000	0.661958		
7.165000			0.000000	-0.167487
7.170000	0.000000	0.660187		
7.175000			0.000000	-0.177044
7.180000	0.000000	0.658332		
7.185000			0.000000	-0.185548
7.190000	0.000000	0.656402		
7.195000			0.000000	-0.192971
7.200000	0.000000	0.654409		
7.205000			0.000000	-0.199294
7.210000	0.000000	0.652364		
7.215000			0.000000	-0.204507
7.220000	0.000000	0.650278		
7.225000			0.000000	-0.208602
7.230000	0.000000	0.648162		
7.235000			0.000000	-0.211583
7.240000	0.000000	0.646028		
7.245000			0.000000	-0.213454
7.250000	0.000000	0.643886		
7.255000			0.000000	-0.214230
7.260000	0.000000	0.641746		
7.265000			0.000000	-0.213925
7.270000	0.000000	0.639621		
7.275000			0.000000	-0.212564
7.280000	0.000000	0.637519		
7.285000			0.000000	-0.210170
7.290000	0.000000	0.635451		
7.295000			0.000000	-0.206775
7.300000	0.000000	0.633427		
7.305000			0.000000	-0.202409
7.310000	0.000000	0.631456		
7.315000			0.000000	-0.197110
7.320000	0.000000	0.629547		
7.325000			0.000000	-0.190914
7.330000	0.000000	0.627708		
7.335000			0.000000	-0.183862
7.340000	0.000000	0.625948		
7.345000			0.000000	-0.175997
7.350000	0.000000	0.624275		
7.355000			0.000000	-0.167362
7.360000	0.000000	0.622695		
7.365000			0.000000	-0.158002
7.370000	0.000000	0.621215		
7.375000			0.000000	-0.147964
7.380000	0.000000	0.619842		
7.385000			0.000000	-0.137295
7.390000	0.000000	0.618582		
7.395000			0.000000	-0.126042
7.400000	0.000000	0.617439		
7.405000			0.000000	-0.114255
7.410000	0.000000	0.616419		
7.415000			0.000000	-0.101983
7.420000	0.000000	0.615527		
7.425000			0.000000	-0.089276
7.430000	0.000000	0.614765		
7.435000			0.000000	-0.076183
7.440000	0.000000	0.614137		
7.445000			0.000000	-0.062755
7.450000	0.000000	0.613647		
7.455000			0.000000	-0.049043
7.460000	0.000000	0.613296		
7.465000			0.000000	-0.035097
7.470000	0.000000	0.613086		
7.475000			0.000000	-0.020968
7.480000	0.000000	0.613019		
7.485000			0.000000	-0.006707
7.490000	0.000000	0.613095		
7.495000			0.000000	0.007635
7.500000	0.000000	0.613315		
7.505000			0.000000	0.022007
7.510000	0.000000	0.613679		
7.515000			0.000000	0.036358
7.520000	0.000000	0.614185		
7.525000			0.000000	0.050636
7.530000	0.000000	0.614833		
7.535000			0.000000	0.064791
7.540000	0.000000	0.615621		
7.545000			0.000000	0.078772
7.550000	0.000000	0.616546		
7.555000			0.000000	0.092526
7.560000	0.000000	0.617606		
7.565000			0.000000	0.106004
7.570000	0.000000	0.618798		
7.575000			0.000000	0.119154
7.580000	0.000000	0.620117		
7.585000			0.000000	0.131925
7.590000	0.000000	0.621560		
7.595000			0.000000	0.144267
7.600000	0.000000	0.623121		
7.605000			0.000000	0.156130
7.610000	0.000000	0.624796		
7.615000			0.000000	0.167463
7.620000	0.000000	0.626578		
7.625000			0.000000	0.178216
7.630000	0.000000	0.628461		
7.635000			0.000000	0.188342
7.640000	0.000000	0.630439		
7.645000			0.000000	0.197791
7.650000	0.000000	0.632504		
7.655000			0.000000	0.206516
7.660000	0.000000	0.634649		
7.665000			0.000000	0.214470
7.670000	0.000000	0.636865		
7.675000			0.000000	0.221609
7.680000	0.000000	0.639144		
7.685000			0.000000	0.227890
7.690000	0.000000	0.641477		
7.695000			0.000000	0.233269
7.700000	0.000000	0.643854		
7.705000			0.000000	0.237709
7.710000	0.000000	0.646266		
7.715000			0.000000	0.241172
7.720000	0.000000	0.648702		
7.725000			0.000000	0.243623
7.730000	0.000000	0.651152		
7.735000			0.000000	0.245033
7.740000	0.000000	0.653606		
7.745000			0.000000	0.245373
7.750000	0.000000	0.656052		
7.755000			0.000000	0.244622
7.760000	0.000000	0.658480		
7.765000			0.000000	0.242762
7.770000	0.000000	0.660877		
7.775000			0.000000	0.239778
7.780000	0.000000	0.663234		
7.785000			0.000000	0.235665
7.790000	0.000000	0.665538		
7.795000			0.000000	0.230422
7.800000	0.000000	0.667779		
7.805000			0.000000	0.224054
7.810000	0.000000	0.669945		
7.815000			0.000000	0.216576
7.820000	0.000000	0.672025		
7.825000			0.000000	0.208007
7.830000	0.000000	0.674008		
7.835000			0.000000	0.198377
7.840000	0.000000	0.675886		
7.845000			0.000000	0.187723
7.850000	0.000000	0.677647		
7.855000			0.000000	0.176090
7.860000	0.000000	0.679282		
7.865000			0.000000	0.163534
7.870000	0.000000	0.680783		
7.875000			0.000000	0.150116
7.880000	0.000000	0.682142		
7.885000			0.000000	0.135909
7.890000	0.000000	0.683352		
7.895000			0.000000	0.120991
7.900000	0.000000	0.684407		
7.905000			0.000000	0.105449
7.910000	0.000000	0.685300		
7.915000			0.000000	0.089377
7.920000	0.000000	0.686029		
7.925000			0.000000	0.072873
7.930000	0.000000	0.686590		
7.935000			0.000000	0.056044
7.940000	0.000000	0.686980		
7.945000			0.000000	0.038996
7.950000	0.000000	0.687198		
7.955000			0.000000	0.021842
7.960000	0.000000	0.687245		
7.965000			0.000000	0.004696
7.970000	0.000000	0.687122		
7.975000			0.000000	-0.012331
7.980000	0.000000	0.686830		
7.985000			0.000000	-0.029125
7.990000	0.000000	0.686375		
7.995000			0.000000	-0.045575
8.000000	0.000000	0.685759		
8.005000			0.000000	-0.061577
8.010000	0.000000	0.684989		
8.015000			0.000000	-0.077026
8.020000	0.000000	0.684070		
8.025000			0.000000	-0.091828
8.030000	0.000000	0.683011		
8.035000			0.000000	-0.105892
8.040000	0.000000	0.681820		
8.045000			0.000000	-0.119136
8.050000	0.000000	0.680505		
8.055000			0.000000	-0.131485
8.060000	0.000000	0.679076		
8.065000			0.000000	-0.142874
8.070000	0.000000	0.677544		
8.075000			0.000000	-0.153246
8.080000	0.000000	0.675918		
8.085000			0.000000	-0.162552
8.090000	0.000000	0.674211		
8.095000			0.000000	-0.170753
8.100000	0.000000	0.672433		
8.105000			0.000000	-0.177819
8.110000	0.000000	0.670595		
8.115000			0.000000	-0.183727
8.120000	0.000000	0.668711		
8.125000			0.000000	-0.188464
8.130000	0.000000	0.666791		
8.135000			0.000000	-0.192024
8.140000	0.000000	0.664846		
8.145000			0.000000	-0.194409
8.150000	0.000000	0.662890		
8.155000			0.000000	-0.195627
8.160000	0.000000	0.660933		
8.165000			0.000000	-0.195693
8.170000	0.000000	0.658987		
8.175000			0.000000	-0.194629
8.180000	0.000000	0.657062		
8.185000			0.000000	-0.192460
8.190000	0.000000	0.655170		
8.195000			0.000000	-0.189218
8.200000	0.000000	0.653321		
8.205000			0.000000	-0.184937
8.210000	0.000000	0.651524		
8.215000			0.000000	-0.179658
8.220000	0.000000	0.649790		
8.225000			0.000000	-0.173422
8.230000	0.000000	0.648127		
8.235000			0.000000	-0.166275
8.240000	0.000000	0.646545		
8.245000			0.000000	-0.158266
8.250000	0.000000	0.645050		
8.255000			0.000000	-0.149445
8.260000	0.000000	0.643651		
8.265000			0.000000	-0.139865
8.270000	0.000000	0.642356		
8.275000			0.000000	-0.129578
8.280000	0.000000	0.641169		
8.285000			0.000000	-0.118641
8.290000	0.000000	0.640098		
8.295000			0.000000	-0.107109
8.300000	0.000000	0.639148		
8.305000			0.000000	-0.095041
8.310000	0.000000	0.638323		
8.315000			0.000000	-0.082494
8.320000	0.000000	0.637628		
8.325000			0.000000	-0.069527
8.330000	0.000000	0.637066		
8.335000			0.000000	-0.056200
8.340000	0.000000	0.636640		
8.345000			0.000000	-0.042572
8.350000	0.000000	0.636353		
8.355000			0.000000	-0.028703
8.360000	0.000000	0.636206		
8.365000			0.000000	-0.014654
8.370000	0.000000	0.636201		
8.375000			0.000000	-0.000484
8.380000	0.000000	0.636339		
8.385000			0.000000	0.013745
8.390000	0.000000	0.636619		
8.395000			0.000000	0.027973
8.400000	0.000000	0.637040		
8.405000			0.000000	0.042139
8.410000	0.000000	0.637602		
8.415000			0.000000	0.056183
8.420000	0.000000	0.638302		
8.425000			0.000000	0.070044
8.430000	0.000000	0.639139		
8.435000			0.000000	0.083662
8.440000	0.000000	0.640109		
8.445000			0.000000	0.096977
8.450000	0.000000	0.641208		
8.455000			0.000000	0.109928
8.460000	0.000000	0.642433		
8.465000			0.000000	0.122457
8.470000	0.000000	0.643778		
8.475000			0.000000	0.134504
8.480000	0.000000	0.645238		
8.485000			0.000000	0.146011
8.490000	0.000000	0.646807		
8.495000			0.000000	0.156919
8.500000	0.000000	0.648479		
8.505000			0.000000	0.167173
8.510000	0.000000	0.650246		
8.515000			0.000000	0.176717
8.520000	0.000000	0.652101		
8.525000			0.000000	0.185496
8.530000	0.000000	0.654035		
8.535000			0.000000	0.193458
8.540000	0.000000	0.656041		
8.545000			0.000000	0.200552
8.550000	0.000000	0.658108		
8.555000			0.000000	0.206729
8.560000	0.000000	0.660228		
8.565000			0.000000	0.211944
8.570000	0.000000	0.662389		
8.575000			0.000000	0.216152
8.580000	0.000000	0.664582		
8.585000			0.000000	0.219316
8.590000	0.000000	0.666796		
8.595000			0.000000	0.221399
8.600000	0.000000	0.669020		
8.605000			0.000000	0.222371
8.610000	0.000000	0.671242		
8.615000			0.000000	0.222205
8.620000	0.000000	0.673451		
8.625000			0.000000	0.220882
8.630000	0.000000	0.675635		
8.635000			0.000000	0.218386
8.640000	0.000000	0.677782		
8.645000			0.000000	0.214712
8.650000	0.000000	0.679880		
8.655000			0.000000	0.209857
8.660000	0.000000	0.681919		
8.665000			0.000000	0.203832
8.670000	0.000000	0.683885		
8.675000			0.000000	0.196651
8.680000	0.000000	0.685769		
8.685000			0.000000	0.188341
8.690000	0.000000	0.687558		
8.695000			0.000000	0.178935
8.700000	0.000000	0.689243		
8.705000			0.000000	0.168478
8.710000	0.000000	0.690813		
8.715000			0.000000	0.157023
8.720000	0.000000	0.692259		
8.725000			0.000000	0.144634
8.730000	0.000000	0.693573		
8.735000			0.000000	0.131384
8.740000	0.000000	0.694747		
8.745000			0.000000	0.117354
8.750000	0.000000	0.695773		
8.755000			0.000000	0.102635
8.760000	0.000000	0.696646		
8.765000			0.000000	0.087326
8.770000	0.000000	0.697362		
8.775000			0.000000	0.071532
8.780000	0.000000	0.697915		
8.785000			0.000000	0.055364
8.790000	0.000000	0.698305		
8.795000			0.000000	0.038940
8.800000	0.000000	0.698528		
8.805000			0.000000	0.022378
8.810000	0.000000	0.698586		
8.815000			0.000000	0.005800
8.820000	0.000000	0.698480		
8.825000			0.000000	-0.010670
8.830000	0.000000	0.698211		
8.835000			0.000000	-0.026912
8.840000	0.000000	0.697783		
8.845000			0.000000	-0.042807
8.850000	0.000000	0.697200		
8.855000			0.000000	-0.058240
8.860000	0.000000	0.696469		
8.865000			0.000000	-0.073100
8.870000	0.000000	0.695596		
8.875000			0.000000	-0.087285
8.880000	0.000000	0.694589		
8.885000			0.000000	-0.100697
8.890000	0.000000	0.693457		
8.895000			0.000000	-0.113250
8.900000	0.000000	0.692208		
8.905000			0.000000	-0.124864
8.910000	0.000000	0.690853		
8.915000			0.000000	-0.135471
8.920000	0.000000	0.689403		
8.925000			0.000000	-0.145010
8.930000	0.000000	0.687869		
8.935000			0.000000	-0.153433
8.940000	0.000000	0.686262		
8.945000			0.000000	-0.160700
8.950000	0.000000	0.684594		
8.955000			0.000000	-0.166781
8.960000	0.000000	0.682878		
8.965000			0.000000	-0.171658
8.970000	0.000000	0.681124		
8.975000			0.000000	-0.175320
8.980000	0.000000	0.679347		
8.985000			0.000000	-0.177764
8.990000	0.000000	0.677557		
8.995000			0.000000	-0.178998
9.000000	0.000000	0.675767		
9.005000			0.000000	-0.179034
9.010000	0.000000	0.673988		
9.015000			0.000000	-0.177895
9.020000	0.000000	0.672231		
9.025000			0.000000	-0.175608
9.030000	0.000000	0.670509		
9.035000			0.000000	-0.172207
9.040000	0.000000	0.668832		
9.045000			0.000000	-0.167730
9.050000	0.000000	0.667210		
9.055000			0.000000	-0.162220
9.060000	0.000000	0.665653		
9.065000			0.000000	-0.155725
9.070000	0.000000	0.664170		
9.075000			0.000000	-0.148296
9.080000	0.000000	0.662770		
9.085000			0.000000	-0.139988
9.090000	0.000000	0.661461		
9.095000			0.000000	-0.130858
9.100000	0.000000	0.660252		
9.105000			0.000000	-0.120964
9.110000	0.000000	0.659148		
9.115000			0.000000	-0.110369
9.120000	0.000000	0.658157		
9.125000			0.000000	-0.099136
9.130000	0.000000	0.657283		
9.135000			0.000000	-0.087328
9.140000	0.000000	0.656533		
9.145000			0.000000	-0.075013
9.150000	0.000000	0.655911		
9.155000			0.000000	-0.062256
9.160000	0.000000	0.655419		
9.165000			0.000000	-0.049125
9.170000	0.000000	0.655062		
9.175000			0.000000	-0.035689
9.180000	0.000000	0.654842		
9.185000			0.000000	-0.022015
9.190000	0.000000	0.654761		
9.195000			0.000000	-0.008174
9.200000	0.000000	0.654818		
9.205000			0.000000	0.005767
9.210000	0.000000	0.655016		
9.215000			0.000000	0.019737
9.220000	0.000000	0.655352		
9.225000			0.000000	0.033668
9.230000	0.000000	0.655827		
9.235000			0.000000	0.047489
9.240000	0.000000	0.656438		
9.245000			0.000000	0.061132
9.250000	0.000000	0.657184		
9.255000			0.000000	0.074528
9.260000	0.000000	0.658060		
9.265000			0.000000	0.087608
9.270000	0.000000	0.659063		
9.275000			0.000000	0.100305
9.280000	0.000000	0.660188		
9.285000			0.000000	0.112550
9.290000	0.000000	0.661431		
9.295000			0.000000	0.124277
9.300000	0.000000	0.662785		
9.305000			0.000000	0.135421
9.310000	0.000000	0.664245		
9.315000			0.000000	0.145917
9.320000	0.000000	0.665802		
9.325000			0.000000	0.155702
9.330000	0.000000	0.667449		
9.335000			0.000000	0.164716
9.340000	0.000000	0.669178		
9.345000			0.000000	0.172898
9.350000	0.000000	0.670980		
9.355000			0.000000	0.180192
9.360000	0.000000	0.672845		
9.365000			0.000000	0.186544
9.370000	0.000000	0.674764		
9.375000			0.000000	0.191904
9.380000	0.000000	0.676726		
9.385000			0.000000	0.196225
9.390000	0.000000	0.678721		
9.395000			0.000000	0.199464
9.400000	0.000000	0.680737		
9.405000			0.000000	0.201583
9.410000	0.000000	0.682762		
9.415000			0.000000	0.202550
9.420000	0.000000	0.684786		
9.425000			0.000000	0.202339
9.430000	0.000000	0.686795		
9.435000			0.000000	0.200931
9.440000	0.000000	0.688778		
9.445000			0.000000	0.198313
9.450000	0.000000	0.690723		
9.455000			0.000000	0.194482
9.460000	0.000000	0.692617		
9.465000			0.000000	0.189443
9.470000	0.000000	0.694450		
9.475000			0.000000	0.183209
9.480000	0.000000	0.696208		
9.485000			0.000000	0.175804
9.490000	0.000000	0.697880		
9.495000			0.000000	0.167262
9.500000	0.000000	0.699456		
9.505000			0.000000	0.157627
9.510000	0.000000	0.700926		
9.515000			0.000000	0.146955
9.520000	0.000000	0.702279		
9.525000			0.000000	0.135311
9.530000	0.000000	0.703507		
9.535000			0.000000	0.122772
9.540000	0.000000	0.704601		
9.545000			0.000000	0.109422
9.550000	0.000000	0.705555		
9.555000			0.000000	0.095359
9.560000	0.000000	0.706361		
9.565000			0.000000	0.080686
9.570000	0.000000	0.707017		
9.575000			0.000000	0.065514
9.580000	0.000000	0.707516		
9.585000			0.000000	0.049963
9.590000	0.000000	0.707858		
9.595000			0.000000	0.034156
9.600000	0.000000	0.708040		
9.605000			0.000000	0.018220
9.610000	0.000000	0.708063		
9.615000			0.000000	0.002284
9.620000	0.000000	0.707928		
9.625000			0.000000	-0.013523
9.630000	0.000000	0.707637		
9.635000			0.000000	-0.029073
9.640000	0.000000	0.707195		
9.645000			0.000000	-0.044241
9.650000	0.000000	0.706605		
9.655000			0.000000	-0.058905
9.660000	0.000000	0.705876		
9.665000			0.000000	-0.072953
9.670000	0.000000	0.705013		
9.675000			0.000000	-0.086276
9.680000	0.000000	0.704025		
9.685000			0.000000	-0.098777
9.690000	0.000000	0.702922		
9.695000			0.000000	-0.110365
9.700000	0.000000	0.701712		
9.705000			0.000000	-0.120962
9.710000	0.000000	0.700407		
9.715000			0.000000	-0.130499
9.720000	0.000000	0.699018		
9.725000			0.000000	-0.138919
9.730000	0.000000	0.697556		
9.735000			0.000000	-0.146175
9.740000	0.000000	0.696034		
9.745000			0.000000	-0.152232
9.750000	0.000000	0.694463		
9.755000			0.000000	-0.157065
9.760000	0.000000	0.692857		
9.765000			0.000000	-0.160658
9.770000	0.000000	0.691227		
9.775000			0.000000	-0.163009
9.780000	0.000000	0.689585		
9.785000			0.000000	-0.164122
9.790000	0.000000	0.687945		
9.795000			0.000000	-0.164011
9.800000	0.000000	0.686318		
9.805000			0.000000	-0.162697
9.810000	0.000000	0.684716		
9.815000			0.000000	-0.160210
9.820000	0.000000	0.683150		
9.825000			0.000000	-0.156585
9.830000	0.000000	0.681632		
9.835000			0.000000	-0.151866
9.840000	0.000000	0.680171		
9.845000			0.000000	-0.146098
9.850000	0.000000	0.678777		
9.855000			0.000000	-0.139336
9.860000	0.000000	0.677461		
9.865000			0.000000	-0.131635
9.870000	0.000000	0.676230		
9.875000			0.000000	-0.123056
9.880000	0.000000	0.675094		
9.885000			0.000000	-0.113662
9.890000	0.000000	0.674059		
9.895000			0.000000	-0.103519
9.900000	0.000000	0.673132		
9.905000			0.000000	-0.092697
9.910000	0.000000	0.672319		
9.915000			0.000000	-0.081266
9.920000	0.000000	0.671626		
9.925000			0.000000	-0.069298
9.930000	0.000000	0.671057		
9.935000			0.000000	-0.056867
9.940000	0.000000	0.670617		
9.945000			0.000000	-0.044047
9.950000	0.000000	0.670308		
9.955000			0.000000	-0.030916
9.960000	0.000000	0.670132		
9.965000			0.000000	-0.017548
9.970000	0.000000	0.670092		
9.975000			0.000000	-0.004020
9.980000	0.000000	0.670188		
9.985000			0.000000	0.009589
9.990000	0.000000	0.670420		
9.995000			0.000000	0.023204
