Wähle das Verfahren (n = 1000) (1) exp. Euler, (2) Runge-Kutter, (3) leap-frog: 
Verfahren: leap-frog
0 0 1
0.1 0.0999992 0.999983
0.2 0.198996 0.989951
0.3 0.296994 0.979903
0.4 0.393981 0.969645
0.5 0.489923 0.958891
0.6 0.584751 0.947276
0.7 0.678359 0.934361
0.8 0.770592 0.91965
0.9 0.861243 0.902596
1 0.95005 0.882619
1.1 1.03669 0.859116
1.2 1.12079 0.831482
1.3 1.2019 0.799119
1.4 1.27952 0.761453
1.5 1.3531 0.717951
1.6 1.42204 0.668133
1.7 1.48568 0.61159
1.8 1.54334 0.54799
1.9 1.59431 0.477097
2 1.63785 0.39878
2.1 1.67322 0.313018
2.2 1.69969 0.219913
2.3 1.71654 0.119695
2.4 1.72307 0.0127227
2.5 1.71865 -0.100512
2.6 1.70268 -0.219384
2.7 1.67463 -0.343139
2.8 1.63407 -0.470895
2.9 1.58065 -0.601653
3 1.51412 -0.7343
3.1 1.43435 -0.867624
3.2 1.34135 -1.00032
3.3 1.23525 -1.13102
3.4 1.11632 -1.25829
3.5 0.984965 -1.38064
3.6 0.841761 -1.49658
3.7 0.687418 -1.6046
3.8 0.5228 -1.7032
3.9 0.348917 -1.79093
4 0.166921 -1.86637
4.1 -0.0218981 -1.92821
4.2 -0.216125 -1.97521
4.3 -0.414225 -2.00623
4.4 -0.614561 -2.02029
4.5 -0.815402 -2.01655
4.6 -1.01494 -1.99433
4.7 -1.21132 -1.95313
4.8 -1.40262 -1.89265
4.9 -1.58694 -1.81276
5 -1.76233 -1.71359
5.1 -1.92691 -1.59543
5.2 -2.0788 -1.45884
5.3 -2.21621 -1.30456
5.4 -2.33743 -1.13357
5.5 -2.44085 -0.947044
5.6 -2.52501 -0.746376
5.7 -2.58856 -0.533149
5.8 -2.63036 -0.309129
5.9 -2.64942 -0.0762515
6 -2.64497 0.163398
6.1 -2.61644 0.407604
6.2 -2.5635 0.654039
6.3 -2.48605 0.900289
6.4 -2.38423 1.14388
6.5 -2.25843 1.38229
6.6 -2.10929 1.61301
6.7 -1.93771 1.83353
6.8 -1.74482 2.04139
6.9 -1.53201 2.23421
7 -1.30087 2.4097
7.1 -1.05326 2.5657
7.2 -0.791201 2.70022
7.3 -0.516928 2.81144
7.4 -0.232841 2.89774
7.5 0.0585118 2.95772
7.6 0.354453 2.99024
7.7 0.652206 2.99441
7.8 0.948919 2.96962
7.9 1.24169 2.91555
8 1.52762 2.83218
8.1 1.80379 2.71978
8.2 2.06734 2.57894
8.3 2.3155 2.41054
8.4 2.54557 2.21578
8.5 2.75502 1.99613
8.6 2.94144 1.75337
8.7 3.10266 1.48954
8.8 3.23667 1.20691
8.9 3.34175 0.908004
9 3.4164 0.595559
9.1 3.45943 0.272482
9.2 3.46993 -0.0581567
9.3 3.44731 -0.393162
9.4 3.39131 -0.729245
9.5 3.30197 -1.06305
9.6 3.1797 -1.39121
9.7 3.02524 -1.71034
9.8 2.83964 -2.01712
9.9 2.6243 -2.30829
10 2.38092 -2.58072
10.1 2.11153 -2.83142
10.2 1.81843 -3.05757
10.3 1.50419 -3.25659
10.4 1.17162 -3.42612
10.5 0.823777 -3.56406
10.6 0.463881 -3.66864
10.7 0.09533 -3.73838
10.8 -0.278353 -3.77213
10.9 -0.653547 -3.76913
11 -1.02657 -3.72893
11.1 -1.39373 -3.65151
11.2 -1.75133 -3.53719
11.3 -2.09574 -3.38669
11.4 -2.4234 -3.20108
11.5 -2.73091 -2.98184
11.6 -3.015 -2.73077
11.7 -3.27262 -2.45003
11.8 -3.50094 -2.14212
11.9 -3.6974 -1.80981
12 -3.85972 -1.45618
12.1 -3.98594 -1.08455
12.2 -4.07446 -0.698433
12.3 -4.12402 -0.301563
12.4 -4.13374 0.1022
12.5 -4.10313 0.508882
12.6 -4.03212 0.914439
12.7 -3.92101 1.3148
12.8 -3.77054 1.7059
12.9 -3.5818 2.08375
13 -3.35634 2.44442
13.1 -3.09604 2.78416
13.2 -2.80316 3.09936
13.3 -2.48033 3.38664
13.4 -2.13047 3.64289
13.5 -1.75681 3.86525
13.6 -1.36285 4.0512
13.7 -0.952335 4.19857
13.8 -0.529182 4.30554
13.9 -0.0974852 4.37071
14 0.338546 4.39308
14.1 0.774623 4.37206
14.2 1.20642 4.30751
14.3 1.62962 4.19972
14.4 2.03996 4.04943
14.5 2.43327 3.8578
14.6 2.80552 3.62644
14.7 3.15285 3.35734
14.8 3.47162 3.05293
14.9 3.75847 2.71596
15 4.01032 2.34959
15.1 4.2244 1.95725
15.2 4.39833 1.54268
15.3 4.53008 1.10988
15.4 4.61807 0.663036
15.5 4.66111 0.206535
15.6 4.65846 -0.255127
15.7 4.60985 -0.717364
15.8 4.51545 -1.17555
15.9 4.37589 -1.62508
16 4.19226 -2.0614
16.1 3.96611 -2.48004
16.2 3.6994 -2.8767
16.3 3.39454 -3.24727
16.4 3.05431 -3.58788
16.5 2.68187 -3.89493
16.6 2.28073 -4.16513
16.7 1.8547 -4.39556
16.8 1.40787 -4.58365
16.9 0.944555 -4.72728
17 0.469271 -4.82473
17.1 -0.0133274 -4.87476
17.2 -0.498482 -4.8766
17.3 -0.981383 -4.82993
17.4 -1.45721 -4.73495
17.5 -1.9212 -4.59233
17.6 -2.36866 -4.40324
17.7 -2.79505 -4.1693
17.8 -3.19601 -3.89261
17.9 -3.56742 -3.57571
18 -3.90543 -3.22154
18.1 -4.20649 -2.83345
18.2 -4.46741 -2.41514
18.3 -4.68539 -1.97065
18.4 -4.85805 -1.50428
18.5 -4.98343 -1.02059
18.6 -5.06005 -0.524322
18.7 -5.0869 -0.020389
18.8 -5.06348 0.48621
18.9 -4.98976 0.990419
19 -4.86625 1.48718
19.1 -4.69394 1.97149
19.2 -4.4743 2.43844
19.3 -4.20931 2.88328
19.4 -3.9014 3.30145
19.5 -3.55344 3.68865
19.6 -3.1687 4.04085
19.7 -2.75086 4.35438
19.8 -2.30394 4.62593
19.9 -1.83225 4.85258
20 -1.34038 5.03187
20.1 -0.833157 5.16181
20.2 -0.315558 5.24088
20.3 0.2073 5.26806
20.4 0.730232 5.24286
20.5 1.24803 5.16532
20.6 1.7555 5.036
20.7 2.24756 4.85596
20.8 2.71924 4.62681
20.9 3.16576 4.35064
21 3.58256 4.03002
21.1 3.96537 3.66798
21.2 4.31026 3.26798
21.3 4.61362 2.83387
21.4 4.87229 2.36987
21.5 5.08352 1.8805
21.6 5.24502 1.37055
21.7 5.35499 0.845062
21.8 5.41215 0.309224
21.9 5.41575 -0.231641
22 5.36554 -0.77214
22.1 5.26184 -1.30687
22.2 5.10549 -1.83045
22.3 4.89787 -2.33761
22.4 4.64087 -2.82322
22.5 4.33687 -3.28235
22.6 3.98876 -3.71031
22.7 3.59985 -4.10272
22.8 3.17388 -4.45552
22.9 2.71498 -4.76507
23 2.22762 -5.02811
23.1 1.71656 -5.24186
23.2 1.18682 -5.40402
23.3 0.643627 -5.51281
23.4 0.0923548 -5.56696
23.5 -0.461524 -5.56575
23.6 -1.01249 -5.50904
23.7 -1.55505 -5.3972
23.8 -2.08376 -5.23119
23.9 -2.5933 -5.0125
24 -3.07853 -4.74316
24.1 -3.53455 -4.42571
24.2 -3.95672 -4.06317
24.3 -4.34072 -3.65905
24.4 -4.68261 -3.21727
24.5 -4.97887 -2.74212
24.6 -5.22641 -2.23827
24.7 -5.42262 -1.71068
24.8 -5.5654 -1.16455
24.9 -5.65318 -0.605292
25 -5.68493 -0.0384667
25.1 -5.66018 0.53028
25.2 -5.57902 1.09527
25.3 -5.44213 1.65083
25.4 -5.2507 2.19139
25.5 -5.00651 2.7115
25.6 -4.71186 3.20591
25.7 -4.36956 3.6696
25.8 -3.9829 4.09785
25.9 -3.55563 4.4863
26 -3.0919 4.83095
26.1 -2.59626 5.12826
26.2 -2.07357 5.37512
26.3 -1.52898 5.56895
26.4 -0.967868 5.70767
26.5 -0.395802 5.78977
26.6 0.18154 5.81428
26.7 0.758409 5.78083
26.8 1.32905 5.6896
26.9 1.88774 5.54138
27 2.42889 5.33752
27.1 2.94706 5.07993
27.2 3.43702 4.77105
27.3 3.89381 4.41387
27.4 4.31282 4.01183
27.5 4.68976 3.56888
27.6 5.02078 3.08933
27.7 5.30249 2.57792
27.8 5.53196 2.03968
27.9 5.70679 1.47993
28 5.82513 0.904234
28.1 5.88566 0.318309
28.2 5.88768 -0.272007
28.3 5.83102 -0.86082
28.4 5.71615 -1.44224
28.5 5.54409 -2.01044
28.6 5.31645 -2.5597
28.7 5.03538 -3.0845
28.8 4.70358 -3.57955
28.9 4.32427 -4.03983
29 3.90114 -4.46067
29.1 3.43833 -4.83779
29.2 2.94039 -5.16733
29.3 2.41222 -5.4459
29.4 1.85903 -5.67063
29.5 1.28631 -5.83917
29.6 0.69973 -5.94972
29.7 0.105124 -6.00107
29.8 -0.491587 -5.9926
29.9 -1.08445 -5.92429
30 -1.66753 -5.79672
30.1 -2.23501 -5.61104
30.2 -2.78117 -5.36902
30.3 -3.30054 -5.07297
30.4 -3.78788 -4.72577
30.5 -4.23827 -4.33079
30.6 -4.64715 -3.8919
30.7 -5.01038 -3.41342
30.8 -5.32423 -2.90006
30.9 -5.58551 -2.3569
31 -5.79152 -1.78931
31.1 -5.9401 -1.20294
31.2 -6.02968 -0.603621
31.3 -6.05928 0.00268633
31.4 -6.0285 0.609925
31.5 -5.93756 1.21203
31.6 -5.78727 1.80296
31.7 -5.57903 2.37681
31.8 -5.31484 2.9278
31.9 -4.99725 3.45039
32 -4.62935 3.93931
32.1 -4.21475 4.38963
32.2 -3.7575 4.79678
32.3 -3.26212 5.15662
32.4 -2.73349 5.4655
32.5 -2.17684 5.72025
32.6 -1.5977 5.91824
32.7 -1.00182 6.05741
32.8 -0.39511 6.13628
32.9 0.21637 6.15399
33 0.826525 6.11027
33.1 1.42926 6.00547
33.2 2.01855 5.84055
33.3 2.58848 5.61708
33.4 3.13335 5.33722
33.5 3.64767 5.00369
33.6 4.12627 4.61974
33.7 4.56432 4.18916
33.8 4.9574 3.71618
33.9 5.30152 3.20548
34 5.59318 2.66211
34.1 5.8294 2.09147
34.2 6.00775 1.49923
34.3 6.12638 0.891271
34.4 6.18404 0.273662
34.5 6.18006 -0.347437
34.6 6.11442 -0.965822
34.7 5.98769 -1.57531
34.8 5.80107 -2.16979
34.9 5.55635 -2.7433
35 5.2559 -3.2901
35.1 4.90266 -3.80467
35.2 4.50011 -4.28183
35.3 4.05219 -4.71679
35.4 3.56333 -5.10512
35.5 3.03837 -5.44291
35.6 2.48252 -5.72671
35.7 1.90128 -5.95363
35.8 1.30044 -6.12134
35.9 0.685969 -6.22809
36 0.0639993 -6.27276
36.1 -0.559269 -6.25481
36.2 -1.17761 -6.17438
36.3 -1.78485 -6.03219
36.4 -2.3749 -5.82959
36.5 -2.94186 -5.56857
36.6 -3.48004 -5.25165
36.7 -3.98402 -4.88194
36.8 -4.44876 -4.46311
36.9 -4.86955 -3.99926
37 -5.24216 -3.49501
37.1 -5.56282 -2.95535
37.2 -5.82826 -2.38563
37.3 -6.03579 -1.79153
37.4 -6.18328 -1.17896
37.5 -6.26919 -0.554019
37.6 -6.29261 0.0770504
37.7 -6.25324 0.707948
37.8 -6.15142 1.33237
37.9 -5.98811 1.94406
38 -5.76488 2.5369
38.1 -5.4839 3.10494
38.2 -5.14794 3.64249
38.3 -4.76029 4.14413
38.4 -4.32478 4.60483
38.5 -3.84572 5.01994
38.6 -3.32785 5.38528
38.7 -2.77632 5.69713
38.8 -2.1966 5.95235
38.9 -1.59447 6.14834
39 -0.975906 6.28307
39.1 -0.347088 6.35515
39.2 0.285716 6.36381
39.3 0.916188 6.30891
39.4 1.53803 6.19094
39.5 2.14502 6.01103
39.6 2.73108 5.77092
39.7 3.29034 5.47298
39.8 3.8172 5.12012
39.9 4.30637 4.71584
40 4.75292 4.26413
40.1 5.15237 3.76947
40.2 5.50068 3.23677
40.3 5.79434 2.67132
40.4 6.03038 2.07876
40.5 6.20639 1.46498
40.6 6.32056 0.836108
40.7 6.37172 0.198412
40.8 6.3593 -0.441739
40.9 6.28337 -1.07795
41 6.14466 -1.70385
41.1 5.9445 -2.31319
41.2 5.68485 -2.89985
41.3 5.36826 -3.45796
41.4 4.99785 -3.98193
41.5 4.57728 -4.46648
41.6 4.11072 -4.90675
41.7 3.6028 -5.2983
41.8 3.05857 -5.63719
41.9 2.48343 -5.92
42 1.88311 -6.14385
42.1 1.2636 -6.30648
42.2 0.63106 -6.40622
42.3 -0.00818915 -6.44202
42.4 -0.647768 -6.41349
42.5 -1.28129 -6.32087
42.6 -1.90242 -6.16504
42.7 -2.50494 -5.94752
42.8 -3.08282 -5.67045
42.9 -3.63029 -5.33656
43 -4.14183 -4.94914
43.1 -4.61234 -4.51205
43.2 -5.03707 -4.0296
43.3 -5.41175 -3.50661
43.4 -5.73262 -2.94827
43.5 -5.99644 -2.36014
43.6 -6.20053 -1.74808
43.7 -6.34282 -1.1182
43.8 -6.42186 -0.476776
43.9 -6.43682 0.169782
44 -6.3875 0.815017
44.1 -6.27437 1.45248
44.2 -6.09853 2.07579
44.3 -5.86168 2.67871
44.4 -5.56617 3.25521
44.5 -5.21491 3.79951
44.6 -4.81138 4.30615
44.7 -4.35959 4.77004
44.8 -3.86402 5.18653
44.9 -3.3296 5.55143
45 -2.76165 5.86105
45.1 -2.16582 6.11229
45.2 -1.54806 6.30259
45.3 -0.914514 6.43003
45.4 -0.271516 6.49329
45.5 0.374519 6.49171
45.6 1.01714 6.42527
45.7 1.64992 6.29461
45.8 2.26654 6.101
45.9 2.86082 5.84633
46 3.42682 5.53313
46.1 3.95887 5.1645
46.2 4.45164 4.74409
46.3 4.90019 4.27608
46.4 5.3 3.76512
46.5 5.64707 3.21631
46.6 5.93791 2.6351
46.7 6.16958 2.0273
46.8 6.33973 1.39896
46.9 6.44665 0.756353
47 6.48922 0.105898
47.1 6.46701 -0.54591
47.2 6.3802 -1.19256
47.3 6.22962 -1.82758
47.4 6.01677 -2.44462
47.5 5.74373 -3.03751
47.6 5.4132 -3.60031
47.7 5.02847 -4.12738
47.8 4.59335 -4.61344
47.9 4.11218 -5.05361
48 3.58973 -5.44348
48.1 3.03121 -5.77913
48.2 2.44218 -6.05718
48.3 1.82853 -6.27482
48.4 1.19636 -6.42987
48.5 0.551994 -6.52073
48.6 -0.0981443 -6.54648
48.7 -0.74756 -6.50684
48.8 -1.38976 -6.40217
48.9 -2.01833 -6.23349
49 -2.62699 -6.00247
49.1 -3.20964 -5.71139
49.2 -3.76045 -5.36313
49.3 -4.27391 -4.96115
49.4 -4.74488 -4.50946
49.5 -5.16862 -4.01254
49.6 -5.5409 -3.47535
49.7 -5.85796 -2.90323
49.8 -6.11663 -2.3019
49.9 -6.3143 -1.67735
50 -6.44897 -1.03581
50.1 -6.51927 -0.383696
50.2 -6.52448 0.272485
50.3 -6.46452 0.926175
50.4 -6.33997 1.57084
50.5 -6.15205 2.20004
50.6 -5.90262 2.80747
50.7 -5.59414 3.38706
50.8 -5.22968 3.93301
50.9 -4.81286 4.43984
51 -4.34782 4.90249
51.1 -3.83921 5.3163
51.2 -3.29208 5.67714
51.3 -2.71189 5.98137
51.4 -2.10443 6.22594
51.5 -1.47575 6.40838
51.6 -0.83213 6.52686
51.7 -0.179997 6.58016
51.8 0.474137 6.56773
51.9 1.12374 6.48967
52 1.76231 6.34676
52.1 2.38347 6.14038
52.2 2.98102 5.87259
52.3 3.54896 5.54605
52.4 4.08162 5.16399
52.5 4.57367 4.73023
52.6 5.02018 4.24907
52.7 5.41666 3.72532
52.8 5.75916 3.1642
52.9 6.04422 2.57129
53 6.26898 1.95253
53.1 6.43119 1.31408
53.2 6.5292 0.662324
53.3 6.56201 0.00376443
53.4 6.52929 -0.655016
53.5 6.43133 -1.30743
53.6 6.2691 -1.94697
53.7 6.0442 -2.56722
53.8 5.75886 -3.16199
53.9 5.41592 -3.72533
54 5.01879 -4.2516
54.1 4.57142 -4.73553
54.2 4.07827 -5.17226
54.3 3.54425 -5.55744
54.4 2.97469 -5.88718
54.5 2.37527 -6.15819
54.6 1.75197 -6.36774
54.7 1.11101 -6.51372
54.8 0.458799 -6.59465
54.9 -0.198157 -6.60971
55 -0.853295 -6.55873
55.1 -1.50007 -6.44221
55.2 -2.13201 -6.2613
55.3 -2.7428 -6.01778
55.4 -3.32634 -5.71407
55.5 -3.87679 -5.3532
55.6 -4.38863 -4.93876
55.7 -4.85675 -4.47488
55.8 -5.27647 -3.96618
55.9 -5.64356 -3.41773
56 -5.95437 -2.83501
56.1 -6.20575 -2.22383
56.2 -6.3952 -1.59029
56.3 -6.52081 -0.940725
56.4 -6.58129 -0.281614
56.5 -6.57605 0.380455
56.6 -6.50511 1.03887
56.7 -6.36917 1.68704
56.8 -6.16957 2.3185
56.9 -5.9083 2.92693
57 -5.58795 3.50624
57.1 -5.2117 4.05064
57.2 -4.78332 4.55468
57.3 -4.30706 5.01331
57.4 -3.78768 5.42195
57.5 -3.23035 5.7765
57.6 -2.64065 6.07341
57.7 -2.02444 6.30969
57.8 -1.38789 6.48297
57.9 -0.737346 6.59151
58 -0.0793128 6.63421
58.1 0.57964 6.61064
58.2 1.23293 6.52101
58.3 1.87402 6.36621
58.4 2.49651 6.14776
58.5 3.09418 5.86785
58.6 3.66105 5.52926
58.7 4.19145 5.13536
58.8 4.68007 4.69008
58.9 5.12202 4.19785
59 5.51288 3.66359
59.1 5.84874 3.09263
59.2 6.12623 2.49066
59.3 6.34256 1.86371
59.4 6.49556 1.21802
59.5 6.5837 0.560045
59.6 6.60608 -0.103637
59.7 6.56247 -0.766398
59.8 6.45328 -1.42161
59.9 6.27961 -2.06274
60 6.04317 -2.68336
60.1 5.74632 -3.27727
60.2 5.39202 -3.83854
60.3 4.98379 -4.36155
60.4 4.5257 -4.84106
60.5 4.02232 -5.27228
60.6 3.47868 -5.65089
60.7 2.9002 -5.97309
60.8 2.29265 -6.23567
60.9 1.66211 -6.43598
61 1.01486 -6.57202
61.1 0.357374 -6.64242
61.2 -0.303782 -6.64645
61.3 -0.962003 -6.58408
61.4 -1.61071 -6.45591
61.5 -2.24342 -6.26322
61.6 -2.85382 -6.00792
61.7 -3.43579 -5.69255
61.8 -3.98352 -5.32025
61.9 -4.49153 -4.89474
62 -4.95474 -4.42027
62.1 -5.36852 -3.90156
62.2 -5.72871 -3.34379
62.3 -6.03173 -2.75254
62.4 -6.27453 -2.1337
62.5 -6.45467 -1.49345
62.6 -6.57035 -0.838191
62.7 -6.62041 -0.174469
62.8 -6.60432 0.491087
62.9 -6.52226 1.15183
63 -6.37502 1.80114
63.1 -6.16407 2.43255
63.2 -5.89151 3.03974
63.3 -5.56006 3.61663
63.4 -5.17301 4.15747
63.5 -4.73423 4.65683
63.6 -4.2481 5.10972
63.7 -3.71946 5.51162
63.8 -3.1536 5.8585
63.9 -2.55616 6.14689
64 -1.9331 6.37389
64.1 -1.29066 6.53723
64.2 -0.63525 6.63528
64.3 0.0265884 6.66704
64.4 0.68824 6.63219
64.5 1.34309 6.53106
64.6 1.98461 6.36467
64.7 2.60637 6.13467
64.8 3.20216 5.84334
64.9 3.76603 5.49359
65 4.29233 5.08891
65.1 4.77581 4.63334
65.2 5.21163 4.13142
65.3 5.59543 3.58817
65.4 5.92337 3.009
65.5 6.19217 2.3997
65.6 6.39913 1.76636
65.7 6.54217 1.1153
65.8 6.61988 0.453024
65.9 6.63145 -0.213849
66 6.57676 -0.878655
66.1 6.45637 -1.53475
66.2 6.27145 -2.17559
66.3 6.02386 -2.79475
66.4 5.71606 -3.38605
66.5 5.35112 -3.94357
66.6 4.93267 -4.46176
66.7 4.46491 -4.93541
66.8 3.95249 -5.3598
66.9 3.40052 -5.73068
67 2.81453 -6.04433
67.1 2.20037 -6.29762
67.2 1.56416 -6.48801
67.3 0.912256 -6.61359
67.4 0.251181 -6.67311
67.5 -0.412466 -6.66595
67.6 -1.07206 -6.59219
67.7 -1.72099 -6.45255
67.8 -2.3528 -6.24843
67.9 -2.96115 -5.98185
68 -3.53998 -5.65548
68.1 -4.08349 -5.27258
68.2 -4.58625 -4.83695
68.3 -5.04323 -4.35296
68.4 -5.44986 -3.82543
68.5 -5.80208 -3.25963
68.6 -6.09636 -2.66122
68.7 -6.32976 -2.03616
68.8 -6.49994 -1.3907
68.9 -6.60519 -0.731289
69 -6.64445 -0.0645162
69.1 -6.61733 0.602957
69.2 -6.5241 1.26446
69.3 -6.36567 1.91339
69.4 -6.14363 2.54325
69.5 -5.86019 3.14775
69.6 -5.51818 3.72085
69.7 -5.121 4.25682
69.8 -4.67264 4.75029
69.9 -4.17755 5.19634
70 -3.64068 5.59051
70.1 -3.06739 5.92885
70.2 -2.46342 6.20797
70.3 -1.83479 6.42509
70.4 -1.18777 6.57803
70.5 -0.528846 6.66525
70.6 0.135416 6.68588
70.7 0.798373 6.6397
70.8 1.4534 6.52719
70.9 2.09396 6.34944
71 2.71364 6.10824
71.1 3.30625 5.80599
71.2 3.86588 5.44571
71.3 4.38691 5.03099
71.4 4.86415 4.56597
71.5 5.29283 4.05529
71.6 5.66866 3.50406
71.7 5.98787 2.91778
71.8 6.24728 2.30231
71.9 6.44429 1.66379
72 6.57692 1.0086
72.1 6.64385 0.34329
72.2 6.64441 -0.325494
72.3 6.57858 -0.99107
72.4 6.44701 -1.64679
72.5 6.25103 -2.28609
72.6 5.99257 -2.9026
72.7 5.67423 -3.49014
72.8 5.29917 -4.04285
72.9 4.87114 -4.5552
73 4.39442 -5.02206
73.1 3.87376 -5.43877
73.2 3.31437 -5.80117
73.3 2.72182 -6.10563
73.4 2.10205 -6.34909
73.5 1.46124 -6.52914
73.6 0.805787 -6.64396
73.7 0.142246 -6.69239
73.8 -0.522754 -6.67397
73.9 -1.18257 -6.58885
74 -1.83061 -6.4379
74.1 -2.46039 -6.22261
74.2 -3.06563 -5.94514
74.3 -3.64028 -5.60825
74.4 -4.17858 -5.2153
74.5 -4.67516 -4.77022
74.6 -5.12506 -4.27745
74.7 -5.52378 -3.74191
74.8 -5.86733 -3.16896
74.9 -6.15228 -2.56431
75 -6.37577 -1.93401
75.1 -6.53557 -1.28435
75.2 -6.63008 -0.621821
75.3 -6.65835 0.0469554
75.4 -6.6201 0.715297
75.5 -6.5157 1.37653
75.6 -6.34619 2.02404
75.7 -6.11327 2.65136
75.8 -5.81925 3.25221
75.9 -5.46708 3.82061
76 -5.06027 4.35086
76.1 -4.60288 4.83766
76.2 -4.09948 5.27615
76.3 -3.55509 5.66194
76.4 -2.97515 5.99118
76.5 -2.36547 6.26057
76.6 -1.73212 6.46742
76.7 -1.08143 6.60966
76.8 -0.419906 6.68586
76.9 0.245843 6.69526
77 0.909166 6.63777
77.1 1.56344 6.51395
77.2 2.20211 6.32504
77.3 2.81882 6.07292
77.4 3.40739 5.76011
77.5 3.96194 5.38973
77.6 4.47692 4.96549
77.7 4.9472 4.49161
77.8 5.36807 3.97283
77.9 5.73533 3.41433
78 6.04529 2.8217
78.1 6.29487 2.20084
78.2 6.48156 1.55797
78.3 6.6035 0.899503
78.4 6.65947 0.232021
78.5 6.6489 -0.437806
78.6 6.5719 -1.10329
78.7 6.42923 -1.75777
78.8 6.22232 -2.39472
78.9 5.95323 -3.00776
79 5.62465 -3.59078
79.1 5.23986 -4.13794
79.2 4.80269 -4.64378
79.3 4.31753 -5.10324
79.4 3.78921 -5.51172
79.5 3.223 -5.86515
79.6 2.62458 -6.15999
79.7 1.99991 -6.39329
79.8 1.35523 -6.56272
79.9 0.696987 -6.66658
80 0.0317571 -6.70384
80.1 -0.633815 -6.67411
80.2 -1.29308 -6.5777
80.3 -1.93944 -6.41556
80.4 -2.56646 -6.18931
80.5 -3.16785 -5.90121
80.6 -3.73761 -5.55414
80.7 -4.27004 -5.15156
80.8 -4.75984 -4.69749
80.9 -5.20208 -4.19647
81 -5.59237 -3.65351
81.1 -5.9268 -3.07402
81.2 -6.20202 -2.46379
81.3 -6.41528 -1.82893
81.4 -6.56444 -1.17577
81.5 -6.64803 -0.510841
81.6 -6.66519 0.159213
81.7 -6.61576 0.827698
81.8 -6.50023 1.48794
81.9 -6.31974 2.13333
82 -6.07611 2.75742
82.1 -5.77175 3.35399
82.2 -5.40972 3.91706
82.3 -4.99363 4.44101
82.4 -4.52763 4.9206
82.5 -4.01638 5.35104
82.6 -3.46498 5.72803
82.7 -2.87895 6.04779
82.8 -2.26413 6.30714
82.9 -1.62667 6.50348
83 -0.972946 6.63484
83.1 -0.309477 6.69991
83.2 0.357103 6.69804
83.3 1.02013 6.62924
83.4 1.67299 6.49421
83.5 2.30915 6.29428
83.6 2.92226 6.03145
83.7 3.50618 5.70836
83.8 4.05509 5.32821
83.9 4.5635 4.89482
84 5.02632 4.41251
84.1 5.43894 3.8861
84.2 5.79722 3.32084
84.3 6.09759 2.72239
84.4 6.33705 2.09672
84.5 6.51319 1.45008
84.6 6.62426 0.78894
84.7 6.66915 0.119898
84.8 6.6474 -0.55036
84.9 6.55923 -1.21514
85 6.40553 -1.86779
85.1 6.18782 -2.50179
85.2 5.90827 -3.11081
85.3 5.56969 -3.68877
85.4 5.17545 -4.22988
85.5 4.72949 -4.72875
85.6 4.23627 -5.18037
85.7 3.7007 -5.58025
85.8 3.12815 -5.92438
85.9 2.52433 -6.20932
86 1.89527 -6.43223
86.1 1.24726 -6.59087
86.2 0.586772 -6.68366
86.3 -0.0795919 -6.70967
86.4 -0.745176 -6.66865
86.5 -1.40333 -6.56099
86.6 -2.04748 -6.38777
86.7 -2.67118 -6.15072
86.8 -3.26821 -5.85221
86.9 -3.83259 -5.49522
87 -4.3587 -5.08332
87.1 -4.84127 -4.62061
87.2 -5.27547 -4.11173
87.3 -5.65697 -3.56175
87.4 -5.98196 -2.97618
87.5 -6.24719 -2.36085
87.6 -6.45 -1.72192
87.7 -6.58837 -1.06578
87.8 -6.66092 -0.398969
87.9 -6.66691 0.271839
88 -6.60629 0.939945
88.1 -6.47967 1.59867
88.2 -6.28829 2.24144
88.3 -6.03409 2.86182
88.4 -5.71958 3.45363
88.5 -5.34793 4.01093
88.6 -4.92283 4.52817
88.7 -4.44854 5.00018
88.8 -3.92979 5.42223
88.9 -3.37177 5.79012
89 -2.78004 6.10015
89.1 -2.16053 6.34925
89.2 -1.51942 6.5349
89.3 -0.863119 6.65527
89.4 -0.19818 6.70914
89.5 0.468751 6.69598
89.6 1.13101 6.61591
89.7 1.78198 6.46973
89.8 2.41516 6.25891
89.9 3.02421 5.98555
90 3.60307 5.65237
90.1 4.14593 5.26271
90.2 4.64737 4.82047
90.3 5.10239 4.33005
90.4 5.50643 3.79636
90.5 5.85547 3.22472
90.6 6.146 2.62086
90.7 6.37513 1.9908
90.8 6.54057 1.34084
90.9 6.64066 0.677465
91 6.67439 0.00731483
91.1 6.64145 -0.662919
91.2 6.54214 -1.32654
91.3 6.37746 -1.97692
91.4 6.14906 -2.60755
91.5 5.85922 -3.21214
91.6 5.51083 -3.78465
91.7 5.10737 -4.31934
91.8 4.65288 -4.81089
91.9 4.15188 -5.25438
92 3.6094 -5.64537
92.1 3.03085 -5.97996
92.2 2.422 -6.25481
92.3 1.78895 -6.46717
92.4 1.13801 -6.6149
92.5 0.47569 -6.69655
92.6 -0.19139 -6.71129
92.7 -0.856568 -6.65897
92.8 -1.5132 -6.54012
92.9 -2.15471 -6.35591
93 -2.77471 -6.1082
93.1 -3.36699 -5.79945
93.2 -3.92564 -5.43275
93.3 -4.44508 -5.01177
93.4 -4.9201 -4.5407
93.5 -5.34598 -4.02426
93.6 -5.71844 -3.4676
93.7 -6.03377 -2.87628
93.8 -6.28882 -2.25622
93.9 -6.48103 -1.61361
94 -6.6085 -0.954864
94.1 -6.66993 -0.286571
94.2 -6.66472 0.384594
94.3 -6.59292 1.05192
94.4 -6.45525 1.70875
94.5 -6.25307 2.34852
94.6 -5.98842 2.96482
94.7 -5.66392 3.55151
94.8 -5.28284 4.10272
94.9 -4.84896 4.61294
95 -4.36663 5.07708
95.1 -3.84066 5.4905
95.2 -3.27631 5.84906
95.3 -2.67922 6.14918
95.4 -2.05535 6.38787
95.5 -1.41094 6.56273
95.6 -0.752428 6.67202
95.7 -0.0863871 6.71465
95.8 0.580524 6.69018
95.9 1.24164 6.59887
96 1.89036 6.44163
96.1 2.5202 6.22002
96.2 3.12487 5.93626
96.3 3.69831 5.59318
96.4 4.23482 5.19421
96.5 4.72901 4.74334
96.6 5.17596 4.24508
96.7 5.5712 3.70439
96.8 5.91078 3.12668
96.9 6.1913 2.51772
97 6.40996 1.8836
97.1 6.56458 1.23066
97.2 6.65361 0.565411
97.3 6.67616 -0.105493
97.4 6.63201 -0.77535
97.5 6.52159 -1.43747
97.6 6.34601 -2.08523
97.7 6.10702 -2.71216
97.8 5.807 -3.312
97.9 5.44897 -3.87875
98 5.03648 -4.40675
98.1 4.57367 -4.89072
98.2 4.06516 -5.32584
98.3 3.51602 -5.70774
98.4 2.93175 -6.03262
98.5 2.31818 -6.29722
98.6 1.68144 -6.49891
98.7 1.02789 -6.63566
98.8 0.364072 -6.70611
98.9 -0.303392 -6.70956
99 -0.967831 -6.64596
99.1 -1.62261 -6.51597
99.2 -2.26117 -6.32086
99.3 -2.87715 -6.0626
99.4 -3.46439 -5.74376
99.5 -4.01702 -5.36752
99.6 -4.52951 -4.93766
99.7 -4.99676 -4.45845
99.8 -5.41408 -3.93469
99.9 -5.77731 -3.37161
